-10.000000 -40.000000 20.000000 0.000000 0.000000 0.000000 1.000000 -11.000000 -41.000000 22.500000 0.000000 0.000000 0.000000 1.000000 -9.000000 -41.000000 22.500000 0.000000 0.000000 0.000000 1.000000 -9.000000 -39.000000 22.500000 0.000000 0.000000 0.000000 1.000000 -11.000000 -39.000000 22.500000 0.000000 0.000000 0.000000 1.000000
-10.000000 -40.000000 20.002400 0.000000 0.000000 0.000000 1.000000 -11.000000 -41.000000 22.502400 0.000000 0.000000 0.000000 1.000000 -9.000000 -41.000000 22.502400 0.000000 0.000000 0.000000 1.000000 -9.000000 -39.000000 22.502400 0.000000 0.000000 0.000000 1.000000 -11.000000 -39.000000 22.502400 0.000000 0.000000 0.000000 1.000000
-10.000000 -40.000000 20.004500 0.000000 0.000000 -0.000000 1.000000 -11.000000 -41.000000 22.504500 -0.000036 -0.000049 -0.000000 1.000000 -9.000000 -41.000000 22.504500 -0.000036 -0.000049 -0.000000 1.000000 -9.000000 -39.000000 22.504500 -0.000036 -0.000049 -0.000000 1.000000 -11.000000 -39.000000 22.504500 -0.000036 -0.000049 -0.000000 1.000000
-10.000000 -40.000000 20.006400 0.000000 0.000000 -0.000000 1.000000 -11.000001 -41.000000 22.506400 -0.000067 -0.000096 -0.000000 1.000000 -9.000001 -41.000000 22.506400 -0.000067 -0.000096 -0.000000 1.000000 -9.000001 -39.000000 22.506400 -0.000067 -0.000096 -0.000000 1.000000 -11.000001 -39.000000 22.506400 -0.000067 -0.000096 -0.000000 1.000000
-10.000000 -40.000000 20.012100 -0.000000 -0.000000 -0.000000 1.000000 -11.000004 -41.000000 22.512100 -0.000147 -0.000147 -0.000002 1.000000 -9.000004 -41.000000 22.512100 -0.000147 -0.000147 -0.000002 1.000000 -9.000004 -39.000000 22.512100 -0.000147 -0.000147 -0.000002 1.000000 -11.000004 -39.000000 22.512100 -0.000147 -0.000147 -0.000002 1.000000
-10.000000 -40.000000 20.034800 0.000000 0.000000 -0.000000 1.000000 -11.000028 -41.000000 22.534800 -0.000585 0.000186 -0.000012 1.000000 -9.000028 -41.000000 22.534800 -0.000585 0.000186 -0.000012 1.000000 -9.000028 -39.000000 22.534800 -0.000585 0.000186 -0.000012 1.000000 -11.000028 -39.000000 22.534800 -0.000585 0.000186 -0.000012 1.000000
-10.000000 -40.000000 20.068700 -0.000000 -0.000000 -0.000000 1.000000 -11.000003 -41.000000 22.568700 -0.001392 0.001323 -0.000015 0.999998 -9.000003 -41.000000 22.568700 -0.001392 0.001323 -0.000015 0.999998 -9.000003 -39.000000 22.568700 -0.001392 0.001323 -0.000015 0.999998 -11.000003 -39.000000 22.568700 -0.001392 0.001323 -0.000015 0.999998
-10.000000 -40.000000 20.162300 -0.000000 0.000000 0.000000 1.000000 -10.998954 -40.999999 22.662300 -0.003529 0.006168 0.000022 0.999975 -8.998954 -40.999999 22.662300 -0.003529 0.006168 0.000022 0.999975 -8.998954 -38.999999 22.662300 -0.003529 0.006168 0.000022 0.999975 -10.998954 -38.999999 22.662300 -0.003529 0.006168 0.000022 0.999975
-9.999990 -40.000000 20.203100 -0.000000 0.000000 0.000000 1.000000 -10.997906 -40.999998 22.703099 -0.004280 0.008631 0.000044 0.999954 -8.997906 -40.999998 22.703099 -0.004280 0.008631 0.000044 0.999954 -8.997906 -38.999998 22.703099 -0.004280 0.008631 0.000044 0.999954 -10.997906 -38.999998 22.703099 -0.004280 0.008631 0.000044 0.999954
-9.999910 -40.000000 20.297900 0.000000 -0.000000 0.000000 1.000000 -10.993791 -40.999986 22.797891 -0.005240 0.015425 0.000088 0.999867 -8.993791 -40.999985 22.797891 -0.005240 0.015425 0.000088 0.999867 -8.993791 -38.999985 22.797891 -0.005240 0.015425 0.000088 0.999867 -10.993791 -38.999986 22.797891 -0.005240 0.015425 0.000088 0.999867
-9.999850 -40.000000 20.334100 0.000000 -0.000000 0.000000 1.000000 -10.991535 -40.999976 22.834083 -0.005400 0.018247 0.000100 0.999819 -8.991535 -40.999975 22.834083 -0.005400 0.018247 0.000100 0.999819 -8.991535 -38.999975 22.834083 -0.005400 0.018247 0.000100 0.999819 -10.991535 -38.999976 22.834083 -0.005400 0.018247 0.000100 0.999819
-9.999710 -40.000000 20.394200 -0.000000 0.000000 0.000000 1.000000 -10.986949 -40.999949 22.894159 -0.005669 0.022969 0.000116 0.999720 -8.986949 -40.999948 22.894159 -0.005669 0.022969 0.000116 0.999720 -8.986950 -38.999948 22.894159 -0.005669 0.022969 0.000116 0.999720 -10.986950 -38.999949 22.894159 -0.005669 0.022969 0.000116 0.999720
-9.999640 -40.000000 20.415600 -0.000000 0.000000 0.000000 1.000000 -10.985059 -40.999936 22.915547 -0.005783 0.024678 0.000119 0.999679 -8.985059 -40.999934 22.915547 -0.005783 0.024678 0.000119 0.999679 -8.985061 -38.999934 22.915547 -0.005783 0.024678 0.000119 0.999679 -10.985061 -38.999936 22.915547 -0.005783 0.024678 0.000119 0.999679
-9.998430 -40.000000 20.622200 -0.000000 0.000000 0.000004 1.000000 -10.959011 -40.999650 23.121812 -0.007204 0.043570 0.000171 0.999024 -8.959011 -40.999635 23.121812 -0.007204 0.043570 0.000171 0.999024 -8.959025 -38.999635 23.121812 -0.007204 0.043570 0.000171 0.999024 -10.959025 -38.999650 23.121812 -0.007204 0.043570 0.000171 0.999024
-9.997650 -40.000000 20.696300 -0.000000 0.000000 0.000007 1.000000 -10.945720 -40.999441 23.195626 -0.007726 0.051118 0.000202 0.998663 -8.945720 -40.999414 23.195626 -0.007726 0.051118 0.000202 0.998663 -8.945746 -38.999414 23.195626 -0.007726 0.051118 0.000202 0.998663 -10.945746 -38.999441 23.195626 -0.007726 0.051118 0.000202 0.998663
-9.993580 -40.000000 20.920800 -0.000000 0.000000 0.000029 1.000000 -10.888926 -40.998162 23.418062 -0.009346 0.077281 0.000350 0.996965 -8.888926 -40.998048 23.418062 -0.009346 0.077281 0.000350 0.996965 -8.889041 -38.998048 23.418062 -0.009346 0.077281 0.000350 0.996965 -10.889041 -38.998162 23.418062 -0.009346 0.077281 0.000350 0.996965
-9.989640 -39.999900 21.045600 -0.000000 0.000000 0.000059 1.000000 -10.843742 -40.996683 23.540277 -0.010383 0.093868 0.000453 0.995530 -8.843742 -40.996447 23.540277 -0.010383 0.093868 0.000453 0.995530 -8.843977 -38.996448 23.540277 -0.010383 0.093868 0.000453 0.995530 -10.843977 -38.996683 23.540277 -0.010383 0.093868 0.000453 0.995530
-9.983770 -39.999800 21.172000 -0.000000 0.000000 0.000116 1.000000 -10.785928 -40.994445 23.662206 -0.011129 0.111857 0.000611 0.993662 -8.785928 -40.993980 23.662206 -0.011129 0.111857 0.000611 0.993662 -8.786393 -38.993980 23.662206 -0.011129 0.111857 0.000611 0.993662 -10.786393 -38.994445 23.662206 -0.011129 0.111857 0.000611 0.993662
-9.966410 -39.999400 21.400300 -0.000000 0.000000 0.000344 1.000000 -10.644816 -40.987426 23.874346 -0.011156 0.147104 0.001105 0.989058 -8.644816 -40.986049 23.874346 -0.011156 0.147104 0.001105 0.989058 -8.646193 -38.986050 23.874346 -0.011156 0.147104 0.001105 0.989058 -10.646192 -38.987426 23.874346 -0.011156 0.147104 0.001105 0.989058
-9.948170 -39.998900 21.551000 -0.000000 0.000000 0.000653 1.000000 -10.520692 -40.979885 24.004961 -0.010789 0.171747 0.001499 0.985081 -8.520694 -40.977274 24.004961 -0.010789 0.171747 0.001499 0.985081 -8.523305 -38.977276 24.004961 -0.010789 0.171747 0.001499 0.985081 -10.523303 -38.979886 24.004961 -0.010789 0.171747 0.001499 0.985081
-9.932020 -39.998400 21.650600 -0.000000 0.000000 0.000972 1.000000 -10.423119 -40.973298 24.085094 -0.010874 0.188349 0.001705 0.982040 -8.423123 -40.969409 24.085094 -0.010874 0.188349 0.001705 0.982040 -8.427011 -38.969413 24.085094 -0.010874 0.188349 0.001705 0.982040 -10.427008 -38.973301 24.085094 -0.010874 0.188349 0.001705 0.982040
-9.922370 -39.998000 21.700600 -0.000000 0.000000 0.001182 0.999999 -10.369385 -40.969412 24.123063 -0.011128 0.196694 0.001773 0.980400 -8.369391 -40.964683 24.123063 -0.011128 0.196694 0.001773 0.980400 -8.374120 -38.964689 24.123063 -0.011128 0.196694 0.001773 0.980400 -10.374114 -38.969418 24.123063 -0.011128 0.196694 0.001773 0.980400
-9.892090 -39.996800 21.829000 0.000000 -0.000000 0.001922 0.999998 -10.218804 -40.958212 24.213160 -0.012500 0.217230 0.001831 0.976039 -8.218818 -40.950524 24.213160 -0.012500 0.217230 0.001831 0.976039 -8.226507 -38.950539 24.213160 -0.012500 0.217230 0.001831 0.976039 -10.226492 -38.958227 24.213160 -0.012500 0.217230 0.001831 0.976039
-9.802930 -39.992500 22.087400 0.000000 -0.000000 0.004547 0.999990 -9.854345 -40.928725 24.351523 -0.018734 0.255457 0.001276 0.966638 -7.854428 -40.910537 24.351523 -0.018734 0.255457 0.001276 0.966638 -7.872616 -38.910619 24.351523 -0.018734 0.255457 0.001276 0.966638 -9.872534 -38.928808 24.351523 -0.018734 0.255457 0.001276 0.966638
-9.779770 -39.991200 22.138300 0.000000 -0.000000 0.005312 0.999986 -9.772134 -40.921691 24.370255 -0.020467 0.262625 0.001059 0.964680 -7.772247 -40.900444 24.370255 -0.020467 0.262625 0.001059 0.964680 -7.793494 -38.900557 24.370255 -0.020467 0.262625 0.001059 0.964680 -9.793381 -38.921804 24.370255 -0.020467 0.262625 0.001059 0.964680
-9.666710 -39.984400 22.335600 -0.000000 0.000000 0.009197 0.999958 -9.417625 -40.889961 24.408216 -0.029221 0.289506 -0.000314 0.956730 -7.417964 -40.853175 24.408216 -0.029221 0.289506 -0.000314 0.956730 -7.454749 -38.853513 24.408216 -0.029221 0.289506 -0.000314 0.956730 -9.454411 -38.890299 24.408216 -0.029221 0.289506 -0.000314 0.956730
-9.485440 -39.971800 22.549500 -0.000000 0.000000 0.013930 0.999903 -8.976575 -40.843934 24.385029 -0.041889 0.317998 -0.002604 0.947162 -6.977351 -40.788219 24.385029 -0.041889 0.317998 -0.002604 0.947162 -7.033066 -38.788995 24.385029 -0.041889 0.317998 -0.002604 0.947162 -9.032290 -38.844710 24.385029 -0.041889 0.317998 -0.002604 0.947162
-9.381520 -39.963700 22.641600 -0.000000 0.000000 0.016047 0.999871 -8.826245 -40.825653 24.427175 -0.048095 0.330452 -0.003759 0.942589 -6.827275 -40.761474 24.427175 -0.048095 0.330452 -0.003759 0.942589 -6.891453 -38.762504 24.427175 -0.048095 0.330452 -0.003759 0.942589 -8.890423 -38.826683 24.427175 -0.048095 0.330452 -0.003759 0.942589
-9.262100 -39.954000 22.730800 -0.000000 0.000000 0.018191 0.999835 -8.703597 -40.809595 24.516375 -0.054677 0.342769 -0.005024 0.937814 -6.704921 -40.736843 24.516375 -0.054677 0.342769 -0.005024 0.937814 -6.777673 -38.738166 24.516375 -0.054677 0.342769 -0.005024 0.937814 -8.776350 -38.810919 24.516375 -0.054677 0.342769 -0.005024 0.937814
-9.162560 -39.945500 22.795800 -0.000000 0.000000 0.019783 0.999804 -8.601778 -40.795719 24.581375 -0.059971 0.351948 -0.006087 0.934077 -6.603343 -40.716604 24.581375 -0.059971 0.351948 -0.006087 0.934077 -6.682458 -38.718169 24.581375 -0.059971 0.351948 -0.006087 0.934077 -8.680892 -38.797284 24.581375 -0.059971 0.351948 -0.006087 0.934077
-8.856160 -39.917500 22.959900 -0.000000 0.000000 0.024094 0.999710 -8.289747 -40.750571 24.745475 -0.076307 0.375556 -0.009764 0.923601 -6.292069 -40.654225 24.745475 -0.076307 0.375556 -0.009764 0.923601 -6.388416 -38.656547 24.745475 -0.076307 0.375556 -0.009764 0.923601 -8.386094 -38.752893 24.745475 -0.076307 0.375556 -0.009764 0.923601
-8.529560 -39.884800 23.100900 -0.000000 0.000000 0.028000 0.999608 -7.959019 -40.698078 24.886475 -0.092595 0.395434 -0.013774 0.913711 -5.962155 -40.586122 24.886475 -0.092595 0.395434 -0.013774 0.913711 -6.074111 -38.589258 24.886475 -0.092595 0.395434 -0.013774 0.913711 -8.070975 -38.701214 24.886475 -0.092595 0.395434 -0.013774 0.913711
-8.314760 -39.861600 23.183400 -0.000000 0.000000 0.030257 0.999542 -7.742473 -40.660848 24.968975 -0.102306 0.406523 -0.016242 0.907749 -5.746135 -40.539874 24.968975 -0.102306 0.406523 -0.016242 0.907749 -5.867110 -38.543536 24.968975 -0.102306 0.406523 -0.016242 0.907749 -7.863448 -38.664510 24.968975 -0.102306 0.406523 -0.016242 0.907749
-8.199440 -39.848700 23.225500 -0.000000 0.000000 0.031406 0.999507 -7.626463 -40.640144 25.011075 -0.107282 0.411963 -0.017538 0.904693 -5.630408 -40.514584 25.011075 -0.107282 0.411963 -0.017538 0.904693 -5.755968 -38.518529 25.011075 -0.107282 0.411963 -0.017538 0.904693 -7.752023 -38.644089 25.011075 -0.107282 0.411963 -0.017538 0.904693
-7.950580 -39.819500 23.313100 -0.000000 0.000000 0.033761 0.999430 -7.376647 -40.593550 25.098675 -0.117787 0.422671 -0.020407 0.898365 -5.381206 -40.458583 25.098675 -0.117787 0.422671 -0.020407 0.898365 -5.516174 -38.463142 25.098675 -0.117787 0.422671 -0.020407 0.898365 -7.511614 -38.598110 25.098675 -0.117787 0.422671 -0.020407 0.898365
-7.226650 -39.725700 23.549400 -0.000000 0.000000 0.039678 0.999213 -6.654065 -40.445794 25.334975 -0.146840 0.447461 -0.029104 0.881686 -4.660362 -40.287207 25.334975 -0.146840 0.447461 -0.029104 0.881686 -4.818949 -38.293504 25.334975 -0.146840 0.447461 -0.029104 0.881686 -6.812652 -38.452091 25.334975 -0.146840 0.447461 -0.029104 0.881686
-6.726980 -39.654100 23.699500 -0.000000 0.000000 0.043284 0.999063 -6.158098 -40.335719 25.485075 -0.165605 0.461153 -0.035099 0.871023 -4.165592 -40.162746 25.485075 -0.165605 0.461153 -0.035099 0.871023 -4.338566 -38.170240 25.485075 -0.165605 0.461153 -0.035099 0.871023 -6.331072 -38.343213 25.485075 -0.165605 0.461153 -0.035099 0.871023
-6.273270 -39.584200 23.829600 -0.000000 0.000000 0.046407 0.998923 -5.709123 -40.231202 25.615175 -0.181889 0.472066 -0.040498 0.861644 -3.717737 -40.045776 25.615175 -0.181889 0.472066 -0.040498 0.861644 -3.903164 -38.054390 25.615175 -0.181889 0.472066 -0.040498 0.861644 -5.894549 -38.239817 25.615175 -0.181889 0.472066 -0.040498 0.861644
-5.279610 -39.409500 24.111300 -0.000000 0.000000 0.052917 0.998599 -4.729465 -39.983293 25.896875 -0.214380 0.492607 -0.051405 0.841865 -2.740666 -39.771921 25.896875 -0.214380 0.492607 -0.051405 0.841865 -2.952038 -37.783122 25.896875 -0.214380 0.492607 -0.051405 0.841865 -4.940837 -37.994494 25.896875 -0.214380 0.492607 -0.051405 0.841865
-5.178860 -39.389200 24.141100 -0.000000 0.000000 0.053586 0.998563 -4.630393 -39.955643 25.926675 -0.217556 0.494572 -0.052465 0.839830 -2.641879 -39.741608 25.926675 -0.217556 0.494572 -0.052465 0.839830 -2.855914 -37.753094 25.926675 -0.217556 0.494572 -0.052465 0.839830 -4.844428 -37.967129 25.926675 -0.217556 0.494572 -0.052465 0.839830
-4.171120 -39.151400 24.460900 -0.000000 0.000000 0.060518 0.998167 -3.640323 -39.648571 26.246475 -0.248482 0.513593 -0.062501 0.818885 -1.654973 -39.406943 26.246475 -0.248482 0.513593 -0.062501 0.818885 -1.896601 -37.421593 26.246475 -0.248482 0.513593 -0.062501 0.818885 -3.881951 -37.663221 26.246475 -0.248482 0.513593 -0.062501 0.818885
-3.969840 -39.096100 24.528900 -0.000000 0.000000 0.061872 0.998084 -3.442640 -39.580779 26.314475 -0.254541 0.517265 -0.064419 0.814552 -1.457952 -39.333767 26.314475 -0.254541 0.517265 -0.064419 0.814552 -1.704965 -37.349079 26.314475 -0.254541 0.517265 -0.064419 0.814552 -3.689652 -37.596092 26.314475 -0.254541 0.517265 -0.064419 0.814552
-2.963240 -38.781400 24.881900 -0.000000 0.000000 0.068835 0.997628 -2.450633 -39.215061 26.667475 -0.285028 0.534021 -0.074444 0.792489 -0.469586 -38.940376 26.667475 -0.285028 0.534021 -0.074444 0.792489 -0.744271 -36.959329 26.667475 -0.285028 0.534021 -0.074444 0.792489 -2.725318 -37.234014 26.667475 -0.285028 0.534021 -0.074444 0.792489
-2.057880 -38.442200 25.213200 -0.000000 0.000000 0.075084 0.997177 -1.550369 -38.849740 26.998775 -0.313184 0.547237 -0.084321 0.771581 0.427081 -38.550252 26.998775 -0.313184 0.547237 -0.084321 0.771581 0.127593 -36.572802 26.998775 -0.313184 0.547237 -0.084321 0.771581 -1.849857 -36.872290 26.998775 -0.313184 0.547237 -0.084321 0.771581
-1.253010 -38.095100 25.515600 -0.000000 0.000000 0.080742 0.996735 -0.740379 -38.497798 27.301175 -0.339251 0.558061 -0.093901 0.751438 1.233544 -38.175884 27.301175 -0.339251 0.558061 -0.093901 0.751438 0.911629 -36.201961 27.301175 -0.339251 0.558061 -0.093901 0.751438 -1.062293 -36.523875 27.301175 -0.339251 0.558061 -0.093901 0.751438
-0.850473 -37.904700 25.670200 -0.000000 0.000000 0.083615 0.996498 -0.331389 -38.311819 27.455775 -0.352594 0.563261 -0.098893 0.740699 1.640645 -37.978528 27.455775 -0.352594 0.563261 -0.098893 0.740699 1.307354 -36.006495 27.455775 -0.352594 0.563261 -0.098893 0.740699 -0.664680 -36.339785 27.455775 -0.352594 0.563261 -0.098893 0.740699
-0.649332 -37.805200 25.748200 -0.000000 0.000000 0.085009 0.996380 -0.126191 -38.216099 27.533775 -0.359279 0.565857 -0.101375 0.735151 1.844903 -37.877294 27.533775 -0.359279 0.565857 -0.101375 0.735151 1.506099 -35.906200 27.533775 -0.359279 0.565857 -0.101375 0.735151 -0.464995 -36.245005 27.533775 -0.359279 0.565857 -0.101375 0.735151
-0.045747 -37.490400 25.984500 -0.000000 0.000000 0.089230 0.996011 0.493004 -37.918700 27.770075 -0.379542 0.573798 -0.108713 0.717555 2.461157 -37.563205 27.770075 -0.379542 0.573798 -0.108713 0.717555 2.105662 -35.595053 27.770075 -0.379542 0.573798 -0.108713 0.717555 0.137509 -35.950548 27.770075 -0.379542 0.573798 -0.108713 0.717555
0.758704 -37.034600 26.302000 -0.000000 0.000000 0.094700 0.995506 1.324095 -37.497631 28.087575 -0.406311 0.584719 -0.117660 0.692222 3.288223 -37.120535 28.087575 -0.406311 0.584719 -0.117660 0.692222 2.911127 -35.156407 28.087575 -0.406311 0.584719 -0.117660 0.692222 0.946999 -35.533503 28.087575 -0.406311 0.584719 -0.117660 0.692222
1.763690 -36.413900 26.693600 -0.000000 0.000000 0.101247 0.994861 2.366687 -36.931510 28.479175 -0.439138 0.597108 -0.128587 0.658851 4.325683 -36.528603 28.479175 -0.439138 0.597108 -0.128587 0.658851 3.922776 -34.569607 28.479175 -0.439138 0.597108 -0.128587 0.658851 1.963780 -34.972514 28.479175 -0.439138 0.597108 -0.128587 0.658851
2.065030 -36.218000 26.808200 -0.000000 0.000000 0.103140 0.994667 2.679315 -36.752884 28.593775 -0.448900 0.600239 -0.132093 0.648656 4.636764 -36.342525 28.593775 -0.448900 0.600239 -0.132093 0.648656 4.226404 -34.385076 28.593775 -0.448900 0.600239 -0.132093 0.648656 2.268956 -34.795436 28.593775 -0.448900 0.600239 -0.132093 0.648656
2.567280 -35.883000 26.994900 -0.000000 0.000000 0.106275 0.994337 3.199863 -36.446393 28.780475 -0.464693 0.604634 -0.138102 0.631985 5.154686 -36.023700 28.780475 -0.464693 0.604634 -0.138102 0.631985 4.731993 -34.068878 28.780475 -0.464693 0.604634 -0.138102 0.631985 2.777171 -34.491570 28.780475 -0.464693 0.604634 -0.138102 0.631985
