-10 -40 20 0 0 0 1 0 0 0 0 0 0 0 0 0 1 0 0 0 0 0 0 0 0 0 0 1
-10 -40 20.003 0 0 0 1 0 0 0.0660687 0 0 0 0 0 0 1 0 0 0 0 0 0 0 0 0 0 1
-10 -40 19.9913 3.72882e-27 1.11752e-40 -2.90779e-14 1 -9.60178e-07 -5.32049e-12 -0.324742 -6.38749e-12 1.15309e-06 -1.2917e-23 -0.000679012 -0.000660163 -3.91574e-05 1 -0.0284789 -0.0276884 -0.00168967 -9.65879e-06 9.94986e-06 -0.000421605 0.000434655 -0.000679012 -0.000660163 -3.91574e-05 1
-10 -40 19.988 6.83136e-26 6.32072e-39 -9.24783e-14 1 -1.92606e-06 -1.75114e-11 -0.34256 -2.10229e-11 2.31299e-06 -1.2917e-23 -0.000818183 -0.000807284 -4.71134e-05 0.999999 -0.0271983 -0.0311372 -0.00148997 -1.47845e-05 1.52341e-05 -0.000609801 0.00062819 -0.000818183 -0.000807284 -4.71134e-05 0.999999
-10 -40 19.9728 -1.13402e-24 -4.04231e-36 -3.5491e-12 1 -1.26173e-05 -4.40347e-10 -0.414736 -5.28771e-10 1.51571e-05 1.98367e-22 -0.00142137 -0.00136165 -7.13872e-05 0.999998 -0.0329683 -0.0244754 -0.000950346 -5.97014e-05 6.11879e-05 -0.00172888 0.00177326 -0.00142137 -0.00136165 -7.13872e-05 0.999998
-10 -40 19.9562 -2.88796e-24 -1.56796e-34 -5.39292e-11 1 -5.34048e-05 -5.256e-09 -0.419096 -6.31259e-09 6.41733e-05 2.50093e-22 -0.00214059 -0.00169737 -8.22137e-05 0.999996 -0.0387991 -0.00949109 -0.000196822 -0.00016314 0.000170661 -0.00350143 0.00384035 -0.00214059 -0.00169737 -8.22137e-05 0.999996
-10 -40 19.9275 -1.32916e-23 -1.11444e-32 -8.38043e-10 1 -0.000191192 -5.37313e-08 -0.535181 -6.45611e-08 0.000229918 1.20826e-21 -0.00343277 -0.00135822 -6.04197e-05 0.999993 -0.0470198 0.0305182 0.00140676 -0.000447094 0.000518242 -0.00585324 0.00807572 -0.00343277 -0.00135822 -6.04197e-05 0.999993
-10 -40 19.9109 -3.63361e-23 -9.15244e-32 -2.51772e-09 1 -0.00032795 -1.44415e-07 -0.574301 -1.73548e-07 0.000394487 3.20215e-21 -0.00427608 -0.000747124 -3.26906e-05 0.999991 -0.065063 0.0505796 0.00185158 -0.000634934 0.000804985 -0.00657937 0.0111534 -0.00427608 -0.000747124 -3.26906e-05 0.999991
-10 -40 19.8806 -7.86938e-23 -9.25145e-31 -1.17741e-08 1 -0.000667309 -5.39104e-07 -0.638007 -6.48097e-07 0.000803174 8.92875e-22 -0.00618617 0.0012176 3.50029e-05 0.99998 -0.0870164 0.104824 0.00274257 -0.000962705 0.00152583 -0.00606671 0.0181073 -0.00618617 0.0012176 3.50029e-05 0.99998
-10.0001 -40 19.8433 -6.57585e-23 -2.3681e-30 -3.60418e-08 1 -0.000963729 -1.15079e-06 -0.854113 -1.38454e-06 0.0011613 -1.83321e-21 -0.00834752 0.00457806 0.000134372 0.999955 -0.0859377 0.162151 0.00369596 -0.00120111 0.00260997 -0.0028758 0.0256297 -0.00834752 0.00457806 0.000134372 0.999955
-10.0001 -40 19.8139 -3.20106e-23 -1.86282e-30 -5.82502e-08 1 -0.00101828 -1.31785e-06 -1.10153 -1.58722e-06 0.00122855 -2.73863e-21 -0.00959011 0.00719953 0.000205267 0.999928 -0.0798876 0.186942 0.00358321 -0.00125509 0.00342944 -0.000553447 0.0290809 -0.00959011 0.00719953 0.000205267 0.999928
-10.0002 -40 19.6991 8.05284e-23 1.09093e-29 -1.35426e-07 1 -0.001142 -1.90853e-06 -1.76955 -2.30371e-06 0.00138221 -3.3189e-21 -0.0132058 0.0145746 0.000352618 0.999807 -0.0999103 0.182118 0.00165659 -0.000902454 0.00618657 0.0106084 0.0404443 -0.0132058 0.0145746 0.000352618 0.999807
-10.0003 -40 19.6043 1.24003e-22 2.58977e-29 -2.08812e-07 1 -0.00125874 -2.73506e-06 -2.02 -3.30282e-06 0.00152595 -1.34914e-21 -0.0153797 0.0193494 0.000418175 0.999694 -0.0749689 0.199366 0.00103835 2.19386e-05 0.00854246 0.0271042 0.054128 -0.0153797 0.0193494 0.000418175 0.999694
-10.0003 -40 19.4093 1.3697e-22 2.02757e-29 -1.4774e-07 1 -0.000153838 1.12634e-05 -2.31521 1.35014e-05 0.000205056 -1.10277e-20 -0.018716 0.0298894 0.000553188 0.999378 -0.073649 0.265309 0.000567231 0.00452356 0.0149084 0.0761385 0.0883786 -0.018716 0.0298894 0.000553188 0.999378
-10.0002 -40 19.188 6.00434e-23 -1.57627e-28 2.5902e-06 1 0.00505411 0.000117309 -2.602 0.000141034 -0.00605533 4.51458e-20 -0.0228327 0.0429124 0.000685213 0.998818 -0.107783 0.311166 4.71122e-05 0.0143688 0.024655 0.146246 0.129418 -0.0228327 0.0429124 0.000685213 0.998818
-10.0001 -40 19.1619 -1.92183e-22 6.49088e-28 3.38179e-06 1 0.00621824 0.0001468 -2.62158 0.000176504 -0.00745575 6.52852e-20 -0.0233785 0.0444771 0.000698188 0.998737 -0.111192 0.315301 0.000236925 0.0158812 0.025977 0.156281 0.134993 -0.0233785 0.0444771 0.000698188 0.998737
-9.99907 -40 18.8708 -3.05129e-21 6.16242e-26 2.01925e-05 1 0.0158641 0.000479437 -3.20005 0.0005774 -0.0190948 6.97594e-20 -0.0292727 0.0616791 0.00086226 0.997666 -0.124593 0.370202 0.000701071 0.0355576 0.0415697 0.241195 0.178176 -0.0292727 0.0616791 0.00086226 0.997666
-9.99873 -40 18.8055 -3.83699e-21 1.01895e-25 2.65514e-05 1 0.0181739 0.000580003 -3.33178 0.000698738 -0.0218875 8.07109e-20 -0.030528 0.065435 0.000903061 0.997389 -0.127608 0.382511 0.000980549 0.0405637 0.0452196 0.259577 0.186859 -0.030528 0.065435 0.000903061 0.997389
-9.99657 -39.9999 18.4772 -4.30876e-21 3.19455e-25 7.41514e-05 1 0.030704 0.00127177 -3.96205 0.00153385 -0.0370572 -2.2806e-20 -0.0358614 0.0837022 0.00124798 0.995845 -0.111588 0.429257 0.00480192 0.067868 0.0637947 0.350435 0.226582 -0.0358614 0.0837022 0.00124798 0.995845
-9.99626 -39.9999 18.4372 -4.11568e-21 3.38136e-25 8.21501e-05 1 0.0324011 0.00138251 -4.03354 0.00166758 -0.0391134 -4.28045e-20 -0.0364029 0.0858485 0.00130381 0.995642 -0.10624 0.432992 0.00487436 0.0714279 0.0660832 0.361577 0.23111 -0.0364029 0.0858485 0.00130381 0.995642
-9.99306 -39.9997 18.143 -8.90063e-21 1.61146e-24 0.000180988 1 0.0605191 0.0035037 -4.37365 0.0042243 -0.0730658 -5.82329e-20 -0.0395331 0.100842 0.00175921 0.994115 -0.0753505 0.428505 0.00515829 0.100234 0.0837326 0.463414 0.273232 -0.0395331 0.100842 0.00175921 0.994115
-9.99047 -39.9995 17.962 -8.68908e-21 2.38673e-24 0.000274592 1 0.0693116 0.00429646 -4.67578 0.00518568 -0.0837807 -1.59537e-20 -0.0409983 0.109213 0.00205626 0.99317 -0.0725906 0.414466 0.00620709 0.119785 0.0950057 0.514708 0.290377 -0.0409983 0.109213 0.00205626 0.99317
-9.98539 -39.9992 17.6131 -7.39292e-21 3.48226e-24 0.000470956 1 0.0763363 0.00505481 -5.29269 0.00611603 -0.0925231 -2.20001e-20 -0.042416 0.123438 0.00271343 0.991442 -0.0122895 0.405455 0.0065234 0.158831 0.116159 0.602497 0.31367 -0.042416 0.123438 0.00271343 0.991442
-9.98302 -39.9991 17.4504 -6.99679e-21 3.97556e-24 0.000568126 1 0.0813526 0.00567119 -5.54838 0.00686604 -0.0986905 -8.37085e-20 -0.0425962 0.129333 0.00303938 0.990681 -0.0125865 0.388529 0.00646418 0.17752 0.125715 0.643709 0.323257 -0.0425962 0.129333 0.00303938 0.990681
-9.98023 -39.9988 17.2816 -7.90901e-21 5.52303e-24 0.000698275 1 0.104883 0.00877241 -5.70837 0.0106043 -0.1 9.18992e-20 -0.0428562 0.134946 0.00333911 0.98992 -0.0229807 0.367946 0.00606976 0.197596 0.135623 0.694839 0.337137 -0.0428562 0.134946 0.00333911 0.98992
-9.96797 -39.9976 16.8123 -1.16321e-20 1.70415e-23 0.00146471 0.999999 0.20633 0.0241652 -6.02366 0.0291716 -0.1 2.32862e-19 -0.0440829 0.150015 0.00407384 0.987692 -0.0392085 0.393007 0.00671101 0.259031 0.164132 0.840769 0.374182 -0.0440829 0.150015 0.00407384 0.987692
-9.95812 -39.9963 16.5696 -3.6358e-20 8.04865e-23 0.00221362 0.999998 0.288201 0.0384034 -6.10919 0.0463505 -0.1 1.84189e-18 -0.0448833 0.157962 0.00444159 0.986415 -0.0430937 0.411892 0.00710498 0.294172 0.179465 0.9159 0.39199 -0.0448833 0.157962 0.00444159 0.986415
-9.94431 -39.9944 16.325 -6.44557e-20 2.18951e-22 0.00339789 0.999994 0.404413 0.060496 -6.12171 0.0730094 -0.1 9.53551e-19 -0.0458671 0.166459 0.00482689 0.984969 -0.057743 0.449368 0.00895459 0.332308 0.195499 0.990117 0.409087 -0.0458671 0.166459 0.00482689 0.984969
-9.9147 -39.9896 15.9556 -8.80514e-20 5.44807e-22 0.00618798 0.999981 0.587696 0.0993189 -6.19482 0.1 -0.1 1.2165e-19 -0.0476587 0.180444 0.00549317 0.982415 -0.064536 0.496931 0.0126643 0.394835 0.220605 1.09247 0.426331 -0.0476587 0.180444 0.00549317 0.982415
-9.87388 -39.9824 15.5798 -8.60985e-20 8.0269e-22 0.00932452 0.999957 0.778176 0.144816 -6.33157 0.1 -0.1 -9.05266e-19 -0.0501172 0.195586 0.00617341 0.979386 -0.10198 0.531137 0.0145901 0.463251 0.246452 1.18655 0.433802 -0.0501172 0.195586 0.00617341 0.979386
-9.82226 -39.9724 15.1926 -1.32646e-20 1.65235e-22 0.0124599 0.999922 0.946659 0.18979 -6.57674 0.1 -0.1 -2.66283e-18 -0.0539988 0.211541 0.00668171 0.975853 -0.160855 0.555872 0.0175822 0.537261 0.272489 1.27939 0.432957 -0.0539988 0.211541 0.00668171 0.975853
-9.76952 -39.9613 14.861 9.49519e-20 -1.43895e-21 0.0151534 0.999885 1.16699 0.254194 -6.68819 0.1 -0.1 -2.91131e-18 -0.0584605 0.225014 0.0068964 0.972576 -0.203774 0.550144 0.0184309 0.602735 0.293985 1.33797 0.426015 -0.0584605 0.225014 0.0068964 0.972576
-9.74521 -39.956 14.7268 1.25414e-19 -2.03736e-21 0.0162436 0.999868 1.26419 0.284179 -6.7323 0.1 -0.1 -2.94485e-18 -0.0605209 0.230427 0.00692464 0.971181 -0.219304 0.562872 0.0184396 0.629697 0.302464 1.35793 0.421763 -0.0605209 0.230427 0.00692464 0.971181
-9.65856 -39.9354 14.3207 1.37906e-19 -2.70404e-21 0.0196041 0.999808 1.63072 0.404076 -6.80914 0.1 -0.1 3.69069e-20 -0.0679028 0.248091 0.006807 0.96633 -0.285584 0.648112 0.0184994 0.712305 0.327229 1.39257 0.402476 -0.0679028 0.248091 0.006807 0.96633
-9.64179 -39.9312 14.2527 1.4534e-19 -2.93672e-21 0.0201998 0.999796 1.72375 0.435937 -6.79057 0.1 -0.1 -2.01693e-18 -0.0693014 0.25124 0.00675881 0.965417 -0.293129 0.65455 0.0186237 0.726207 0.331228 1.38765 0.397308 -0.0693014 0.25124 0.00675881 0.965417
-9.41788 -39.8691 13.5831 7.20425e-19 -1.89985e-20 0.0263618 0.999652 2.77688 0.821954 -6.62474 0.1 -0.1 -1.47124e-17 -0.0855059 0.284052 0.00588243 0.954971 -0.374041 0.70751 0.0227455 0.860306 0.367793 1.28285 0.330183 -0.0855059 0.284052 0.00588243 0.954971
-9.1591 -39.7888 13.056 1.21678e-18 -3.83145e-20 0.0314728 0.999505 3.69459 1.18984 -6.55011 0.1 -0.1 -1.1887e-17 -0.100946 0.311935 0.00476689 0.944714 -0.428342 0.757841 0.027238 0.872665 0.391544 1.19808 0.261919 -0.100946 0.311935 0.00476689 0.944714
-9.04381 -39.7513 12.8593 1.35284e-18 -4.51416e-20 0.0333496 0.999444 3.99125 1.31418 -6.56293 0.1 -0.1 -4.96676e-18 -0.107136 0.322821 0.0043021 0.940367 -0.435959 0.783471 0.0278727 0.872665 0.399035 1.20661 0.237292 -0.107136 0.322821 0.0043021 0.940367
-8.60075 -39.6009 12.1963 1.7548e-18 -6.93981e-20 0.0395173 0.999219 4.87065 1.69809 -6.69662 0.1 -0.1 -6.25927e-18 -0.12742 0.36063 0.003116 0.923959 -0.42049 0.838942 0.0295905 0.872665 0.418795 1.35831 0.15624 -0.12742 0.36063 0.003116 0.923959
-8.23484 -39.4707 11.7275 1.87451e-18 -8.25587e-20 0.0440004 0.999032 5.58387 2.02131 -6.69638 0.1 -0.1 -6.58511e-18 -0.141359 0.387895 0.0025166 0.910796 -0.428306 0.864117 0.0297958 0.872665 0.427311 1.54293 0.0864546 -0.141359 0.387895 0.0025166 0.910796
-7.87653 -39.3388 11.3303 1.75834e-18 -8.46456e-20 0.0480838 0.998843 6.35994 2.37804 -6.54459 0.1 -0.1 1.03731e-17 -0.15332 0.411129 0.00199222 0.898589 -0.430455 0.855948 0.030793 0.872665 0.430256 1.76683 0.0117791 -0.15332 0.411129 0.00199222 0.898589
-7.54157 -39.212 11.007 1.45329e-18 -7.49945e-20 0.051534 0.998671 7.03848 2.69059 -6.38922 0.1 -0.1 1.54594e-17 -0.163171 0.429629 0.00145748 0.88814 -0.426638 0.81113 0.0296955 0.872665 0.429259 2.01214 -0.051027 -0.163171 0.429629 0.00145748 0.88814
-7.32354 -39.1282 10.8174 1.13842e-18 -6.11916e-20 0.0536728 0.998559 7.49721 2.90081 -6.24997 0.1 -0.1 2.17888e-17 -0.168972 0.440234 0.00108649 0.88184 -0.420873 0.796707 0.0292167 0.872665 0.427134 2.19041 -0.0901684 -0.168972 0.440234 0.00108649 0.88184
-6.49144 -38.8009 10.2207 -2.00659e-19 1.2246e-20 0.0609189 0.998143 9.14374 3.63946 -5.68901 0.1 -0.1 3.3125e-17 -0.187588 0.473117 -0.000391431 0.860797 -0.406662 0.727955 0.0255551 0.872665 0.4121 2.94967 -0.201994 -0.187588 0.473117 -0.000391431 0.860797
-6.2095 -38.6884 10.0527 -6.58163e-19 4.16089e-20 0.063093 0.998008 9.65341 3.86082 -5.51069 0.1 -0.1 2.74756e-17 -0.193103 0.48236 -0.000965673 0.854423 -0.42123 0.72108 0.0250036 0.872665 0.405683 3.225 -0.224788 -0.193103 0.48236 -0.000965673 0.854423
-5.30634 -38.3094 9.5856 -1.50478e-18 1.05138e-19 0.0696998 0.997568 10 4.5527 -4.87709 0.1 -0.1 2.64334e-17 -0.21042 0.508928 -0.00347233 0.834688 -0.456475 0.692189 0.0228323 0.872665 0.38367 4.21348 -0.252032 -0.21042 0.508928 -0.00347233 0.834688
-5.10456 -38.2169 9.48936 -1.78865e-18 1.27564e-19 0.0711377 0.997467 10 4.69623 -4.7487 0.1 -0.1 3.10589e-17 -0.214439 0.514612 -0.00420105 0.830164 -0.474695 0.689292 0.0222259 0.872665 0.378666 4.45472 -0.247821 -0.214439 0.514612 -0.00420105 0.830164
-4.49969 -37.9237 9.2134 -2.81908e-18 2.12888e-19 0.0753024 0.997161 10 5.07675 -4.45379 0.1 -0.1 3.87809e-17 -0.227069 0.531265 -0.00691321 0.81618 -0.511305 0.677455 0.019388 0.872665 0.364623 5.19089 -0.215059 -0.227069 0.531265 -0.00691321 0.81618
-3.89471 -37.6078 8.95542 -3.89965e-18 3.10797e-19 0.0794465 0.996839 10 5.45052 -4.1502 0.1 -0.1 3.74949e-17 -0.240517 0.547567 -0.0103602 0.801383 -0.557264 0.687412 0.016051 0.872665 0.353503 6.01622 -0.150939 -0.240517 0.547567 -0.0103602 0.801383
-3.59233 -37.4416 8.8329 -4.40662e-18 3.60257e-19 0.0814814 0.996675 10 5.62502 -4.02032 0.1 -0.1 3.55171e-17 -0.247442 0.555681 -0.0122652 0.793625 -0.559404 0.694358 0.015089 0.872665 0.34957 6.4479 -0.11035 -0.247442 0.555681 -0.0122652 0.793625
-2.98721 -37.093 8.60125 -5.456e-18 4.68828e-19 0.085613 0.996328 10 5.99533 -3.70683 0.1 -0.1 4.57342e-17 -0.260839 0.571654 -0.0158904 0.777767 -0.5334 0.68971 0.0128239 0.872665 0.345924 7.41799 -0.00871733 -0.260839 0.571654 -0.0158904 0.777767
-2.28041 -36.6561 8.35931 -7.15279e-18 6.50778e-19 0.090608 0.995887 10 6.48783 -3.2147 0.1 -0.1 5.86728e-17 -0.27569 0.589363 -0.0199523 0.75911 -0.522012 0.661258 0.011003 0.872665 0.350427 8.77894 0.137288 -0.27569 0.589363 -0.0199523 0.75911
-1.47259 -36.1137 8.12499 -9.19546e-18 8.90437e-19 0.0963834 0.995344 10 7.07569 -2.65505 0.1 -0.1 5.18654e-17 -0.292078 0.607876 -0.0248352 0.737943 -0.517622 0.616796 0.0105666 0.872665 0.367824 10.5154 0.291097 -0.292078 0.607876 -0.0248352 0.737943
-0.664113 -35.5204 7.93951 -1.13764e-17 1.17157e-18 0.10244 0.994739 10 7.76317 -1.9957 0.1 -0.1 6.27924e-17 -0.30844 0.624692 -0.0303936 0.716729 -0.542815 0.589248 0.0101442 0.872665 0.395972 12.5621 0.398856 -0.30844 0.624692 -0.0303936 0.716729
0.243598 -34.7911 7.78016 -1.35965e-17 1.49085e-18 0.108996 0.994042 10 8.45225 -1.56043 0.1 -0.1 5.88369e-17 -0.327264 0.641618 -0.0379447 0.692665 -0.571992 0.542916 0.00812793 0.872665 0.433037 14.7508 0.405981 -0.327264 0.641618 -0.0379447 0.692665
1.05013 -34.0894 7.66912 -1.59293e-17 1.8425e-18 0.114901 0.993377 10 9.09626 -1.22767 0.1 -0.1 9.31988e-17 -0.34427 0.654655 -0.046026 0.671406 -0.598182 0.493412 0.00454309 0.872665 0.462543 16.8294 0.317455 -0.34427 0.654655 -0.046026 0.671406
1.65499 -33.5285 7.60289 -1.85722e-17 2.23354e-18 0.119402 0.992846 10 9.6074 -0.98749 0.1 -0.1 1.08513e-16 -0.357342 0.663329 -0.0530509 0.655352 -0.634071 0.475191 0.00351366 0.872665 0.478146 18.5038 0.1963 -0.357342 0.663329 -0.0530509 0.655352
2.15858 -33.0385 7.55664 -2.1065e-17 2.61168e-18 0.12304 0.992402 10 9.99621 -0.867486 0.1 -0.1 1.14632e-16 -0.368425 0.670038 -0.059435 0.641701 -0.647181 0.465816 0.000329423 0.872665 0.485114 19.8551 0.0797456 -0.368425 0.670038 -0.059435 0.641701
2.35998 -32.8378 7.53972 -2.21794e-17 2.78273e-18 0.124488 0.992221 10 10 -0.826225 0.1 -0.1 1.28815e-16 -0.372862 0.672586 -0.0620945 0.636197 -0.653883 0.455711 -0.000181536 0.872665 0.486207 20 0.0293526 -0.372862 0.672586 -0.0620945 0.636197
2.8631 -32.3362 7.49955 -2.52726e-17 3.26144e-18 0.127989 0.991776 10 10 -0.784291 0.1 -0.1 1.28683e-16 -0.383898 0.678487 -0.0690362 0.622504 -0.660319 0.430031 -0.00313622 0.872665 0.484653 20 -0.0921288 -0.383898 0.678487 -0.0690362 0.622504
3.56751 -31.634 7.4472 -3.01324e-17 4.03982e-18 0.13288 0.991132 10 10 -0.718724 0.1 -0.1 1.73941e-16 -0.399343 0.685874 -0.0794441 0.603151 -0.686977 0.416437 -0.00637864 0.872665 0.471956 20 -0.268606 -0.399343 0.685874 -0.0794441 0.603151
3.9699 -31.2329 7.41879 -3.37435e-17 4.61858e-18 0.135609 0.990762 10 10 -0.703523 0.1 -0.1 2.10999e-16 -0.408058 0.689685 -0.0856212 0.592024 -0.676743 0.399621 -0.00896501 0.872665 0.459352 20 -0.360017 -0.408058 0.689685 -0.0856212 0.592024
4.4734 -30.7312 7.38612 -3.92161e-17 5.50956e-18 0.139126 0.990275 10 10 -0.606969 0.1 -0.1 2.57912e-16 -0.418545 0.693995 -0.0933319 0.578342 -0.66305 0.38016 -0.0118781 0.872665 0.438377 20 -0.474818 -0.418545 0.693995 -0.0933319 0.578342
4.67486 -30.5306 7.37446 -4.16923e-17 5.91791e-18 0.140534 0.990076 10 10 -0.559121 0.1 -0.1 2.75221e-16 -0.422603 0.695562 -0.0964195 0.572978 -0.654833 0.363222 -0.0132821 0.872665 0.428466 20 -0.515489 -0.422603 0.695562 -0.0964195 0.572978
5.58085 -29.6282 7.32957 -5.58533e-17 8.27573e-18 0.146569 0.9892 10 10 -0.450004 0.1 -0.1 4.06358e-16 -0.439366 0.701645 -0.10975 0.550098 -0.59182 0.322895 -0.0200289 0.872665 0.376411 20 -0.621507 -0.439366 0.701645 -0.10975 0.550098
6.5873 -28.626 7.28871 -7.64525e-17 1.18325e-17 0.152948 0.988234 10 10 -0.381069 0.1 -0.1 5.05532e-16 -0.455206 0.70755 -0.122504 0.526453 -0.509924 0.316487 -0.0239002 0.872665 0.314345 20 -0.593532 -0.455206 0.70755 -0.122504 0.526453
7.4926 -27.7246 7.25365 -9.96127e-17 1.59776e-17 0.158373 0.987379 10 10 -0.407439 0.1 -0.1 6.27594e-16 -0.467398 0.712311 -0.132176 0.506637 -0.457723 0.290371 -0.0232747 0.872665 0.266719 20 -0.449071 -0.467398 0.712311 -0.132176 0.506637
8.29749 -26.9235 7.2213 -1.27083e-16 2.10082e-17 0.163098 0.98661 10 10 -0.407797 0.1 -0.1 8.43827e-16 -0.477309 0.716008 -0.140133 0.489766 -0.447177 0.284082 -0.0232254 0.872665 0.238745 20 -0.244784 -0.477309 0.716008 -0.140133 0.489766
8.80061 -26.4228 7.20116 -1.47924e-16 2.49045e-17 0.166023 0.986122 10 10 -0.398154 0.1 -0.1 9.77562e-16 -0.483314 0.718081 -0.145065 0.479295 -0.447239 0.27625 -0.0225719 0.872665 0.23011 20 -0.101603 -0.483314 0.718081 -0.145065 0.479295
9.30371 -25.9222 7.18143 -1.72886e-16 2.96319e-17 0.168932 0.985628 10 10 -0.390634 0.1 -0.1 1.17486e-15 -0.489438 0.71969 -0.150584 0.468851 -0.48846 0.244164 -0.0204165 0.872665 0.228475 20 0.0323006 -0.489438 0.71969 -0.150584 0.468851
10.0079 -25.2213 7.15401 -2.15399e-16 3.78329e-17 0.172993 0.984923 10 10 -0.395568 0.1 -0.1 1.45494e-15 -0.498456 0.720845 -0.159996 0.45423 -0.537022 0.204355 -0.018693 0.872665 0.235949 20 0.167161 -0.498456 0.720845 -0.159996 0.45423
10.1086 -25.1212 7.15005 -2.22252e-16 3.91728e-17 0.173578 0.98482 10 10 -0.392402 0.1 -0.1 1.50586e-15 -0.499783 0.720916 -0.161491 0.452126 -0.549926 0.201837 -0.0189391 0.872665 0.237685 20 0.179725 -0.499783 0.720916 -0.161491 0.452126
10.6115 -24.6205 7.1303 -2.59967e-16 4.66144e-17 0.176494 0.984302 10 10 -0.396477 0.1 -0.1 1.74532e-15 -0.506865 0.721007 -0.169754 0.440931 -0.626705 0.20808 -0.0197266 0.872665 0.24759 20 0.206149 -0.506865 0.721007 -0.169754 0.440931
11.1145 -24.1199 7.11023 -3.0399e-16 5.54417e-17 0.17942 0.983773 10 10 -0.405076 0.1 -0.1 2.04906e-15 -0.514613 0.720684 -0.179192 0.428577 -0.694168 0.215347 -0.0208568 0.872665 0.25719 20 0.166295 -0.514613 0.720684 -0.179192 0.428577
11.3156 -23.9196 7.10196 -3.23561e-16 5.94072e-17 0.180586 0.983559 10 10 -0.416891 0.1 -0.1 2.17584e-15 -0.517852 0.720407 -0.183282 0.423379 -0.717607 0.205534 -0.0205239 0.872665 0.260182 20 0.131151 -0.517852 0.720407 -0.183282 0.423379
12.22 -23.0186 7.0583 -4.26335e-16 8.05914e-17 0.185743 0.982598 10 10 -0.559755 0.1 -0.1 2.75145e-15 -0.532715 0.717291 -0.204486 0.399868 -0.802745 0.126443 -0.021248 0.872665 0.261167 20 -0.139937 -0.532715 0.717291 -0.204486 0.399868
13.1239 -22.1178 6.99874 -5.55677e-16 1.08003e-16 0.190792 0.98163 10 10 -0.766293 0.1 -0.1 3.47481e-15 -0.547398 0.711637 -0.228865 0.376229 -0.844369 0.0853899 -0.0242808 0.872665 0.230682 20 -0.552942 -0.547398 0.711637 -0.228865 0.376229
14.0277 -21.2172 6.91862 -7.18883e-16 1.43444e-16 0.19568 0.980668 10 10 -1.01052 0.1 -0.1 4.37473e-15 -0.560674 0.703616 -0.255318 0.354091 -0.83545 -0.0214968 -0.0267735 0.872665 0.160724 20 -0.995756 -0.560674 0.703616 -0.255318 0.354091
15.0316 -20.217 6.80177 -9.48616e-16 1.94485e-16 0.200843 0.979624 10 9.9999 -1.31633 0.1 -0.1 5.62857e-15 -0.573176 0.692079 -0.286616 0.332185 -0.832321 -0.0947822 -0.0285633 0.872665 0.0418177 20 -1.34947 -0.573176 0.692079 -0.286616 0.332185
15.6343 -19.6176 6.71805 -1.11779e-15 2.32639e-16 0.203758 0.979021 10 9.96906 -1.46492 0.0910705 -0.1 6.64517e-15 -0.579606 0.68384 -0.306506 0.320116 -0.84602 -0.165271 -0.0304184 0.872665 6.24052 20 -1.44862 -0.579606 0.68384 -0.306506 0.320116
15.8352 -19.4185 6.68827 -1.18073e-15 2.46777e-16 0.204582 0.978849 10 9.94554 -1.50599 0.0747735 -0.1 7.04097e-15 -0.581556 0.680822 -0.31343 0.316284 -0.854911 -0.186689 -0.0312389 0.872665 6.21144 20 -1.45708 -0.581556 0.680822 -0.31343 0.316284
16.5388 -18.7267 6.57903 -1.43423e-15 3.00805e-16 0.205267 0.978706 10 9.80154 -1.60156 -0.0567403 -0.1 8.77566e-15 -0.587497 0.668933 -0.339333 0.303693 -0.890242 -0.288116 -0.0351814 0.872665 6.11118 20 -1.37956 -0.587497 0.668933 -0.339333 0.303693
16.8405 -18.434 6.53066 -1.56236e-15 3.25361e-16 0.203875 0.978997 10 9.70628 -1.61529 -0.1 -0.1 9.72603e-15 -0.58957 0.663196 -0.35121 0.298712 -0.902614 -0.335627 -0.0366163 0.872665 6.07102 20 -1.293 -0.58957 0.663196 -0.35121 0.298712
17.3435 -17.9534 6.44974 -1.80829e-15 3.70989e-16 0.200974 0.979596 10 9.50332 -1.61014 -0.1 -0.1 1.15892e-14 -0.592402 0.652849 -0.371828 0.290847 -0.920214 -0.385652 -0.0384635 0.872665 6.01124 20 -1.08642 -0.592402 0.652849 -0.371828 0.290847
18.1484 -17.2086 6.32166 -2.30223e-15 4.60372e-16 0.196086 0.980587 10 9.08965 -1.57068 -0.1 -0.1 1.52414e-14 -0.595542 0.634862 -0.405583 0.278894 -0.916498 -0.425327 -0.0388779 0.872665 5.94073 20 -0.65849 -0.595542 0.634862 -0.405583 0.278894
18.9538 -16.5011 6.19987 -2.95531e-15 5.74772e-16 0.190911 0.981607 10 8.57631 -1.45156 -0.1 -0.1 2.02305e-14 -0.597134 0.615357 -0.43968 0.267298 -0.928742 -0.460003 -0.0400477 0.872665 5.90682 20 -0.190439 -0.597134 0.615357 -0.43968 0.267298
19.76 -15.838 6.09223 -3.83369e-15 7.23676e-16 0.185492 0.982646 10 7.98257 -1.21542 -0.1 -0.1 2.75915e-14 -0.596791 0.594109 -0.474521 0.25633 -0.933585 -0.530836 -0.0419798 0.872665 5.90851 20 0.212342 -0.596791 0.594109 -0.474521 0.25633
19.9617 -15.68 6.06884 -4.10074e-15 7.68006e-16 0.184084 0.982911 10 7.81643 -1.11892 -0.1 -0.1 3.00974e-14 -0.596363 0.588527 -0.483337 0.253718 -0.933588 -0.537833 -0.0425158 0.872665 5.91359 20 0.294313 -0.596363 0.588527 -0.483337 0.253718
20.4668 -15.3001 6.02077 -4.88375e-15 8.96074e-16 0.180468 0.983581 10 7.36909 -0.792603 -0.1 -0.1 3.78962e-14 -0.594919 0.574317 -0.505106 0.247182 -0.923859 -0.537434 -0.042096 0.872665 5.93255 20 0.447842 -0.594919 0.574317 -0.505106 0.247182
21.4786 -14.6089 5.98325 -7.14145e-15 1.25542e-15 0.173139 0.984897 10 6.453 0.0785642 -0.1 -0.1 6.16577e-14 -0.590833 0.545111 -0.546936 0.233733 -0.908673 -0.521867 -0.0422101 0.872665 5.98066 20 0.440586 -0.590833 0.545111 -0.546936 0.233733
21.8838 -14.3579 5.99452 -8.40577e-15 1.45197e-15 0.170215 0.985407 10 6.09396 0.489473 -0.1 -0.1 7.51805e-14 -0.58874 0.533221 -0.562982 0.228282 -0.890081 -0.521558 -0.0424851 0.872665 5.99606 20 0.319395 -0.58874 0.533221 -0.562982 0.228282
22.2892 -14.1211 6.0228 -9.94932e-15 1.68825e-15 0.167294 0.985907 10 5.73816 0.928757 -0.1 -0.1 9.17176e-14 -0.586384 0.521218 -0.578659 0.222799 -0.890723 -0.515944 -0.0430441 0.872665 6.00553 20 0.146971 -0.586384 0.521218 -0.578659 0.222799
23.1002 -13.6896 6.13189 -1.41145e-14 2.30927e-15 0.161463 0.986879 10 5.03601 1.81549 -0.1 -0.1 1.35283e-13 -0.58123 0.496568 -0.609089 0.211193 -0.89844 -0.498667 -0.0436406 0.872665 6.00133 20 -0.260376 -0.58123 0.496568 -0.609089 0.211193
23.4045 -13.5426 6.19184 -1.61503e-14 2.60454e-15 0.159211 0.987245 10 4.7508 2.18109 -0.1 -0.1 1.57045e-13 -0.57907 0.48714 -0.620189 0.206731 -0.887358 -0.506998 -0.0435893 0.872665 5.99119 20 -0.414342 -0.57907 0.48714 -0.620189 0.206731
24.1146 -13.2342 6.37396 -2.22445e-14 3.46249e-15 0.153804 0.988101 10 4.03496 3.033 -0.1 -0.1 2.20319e-13 -0.57279 0.465202 -0.645485 0.197095 -0.841462 -0.542126 -0.0449441 0.872665 5.95164 20 -0.695279 -0.57279 0.465202 -0.645485 0.197095
24.5203 -13.0815 6.5049 -2.67718e-14 4.07812e-15 0.150592 0.988596 10 3.58482 3.51453 -0.1 -0.1 2.65942e-13 -0.568381 0.452931 -0.659425 0.19224 -0.791696 -0.556619 -0.0451934 0.872665 5.92186 20 -0.784319 -0.568381 0.452931 -0.659425 0.19224
24.9259 -12.9474 6.65476 -3.22299e-14 4.79966e-15 0.147295 0.989093 10 3.10721 3.97799 -0.1 -0.1 3.1911e-13 -0.56353 0.441209 -0.672644 0.187931 -0.733334 -0.545205 -0.046413 0.872665 5.88974 20 -0.811638 -0.56353 0.441209 -0.672644 0.187931
25.3315 -12.8335 6.82381 -3.8791e-14 5.63812e-15 0.143835 0.989602 10 2.57377 4.47283 -0.1 -0.1 3.84512e-13 -0.558355 0.430122 -0.685084 0.184106 -0.681006 -0.543669 -0.0479684 0.872665 5.85776 20 -0.776833 -0.558355 0.430122 -0.685084 0.184106
26.1433 -12.6758 7.22537 -5.63351e-14 7.75616e-15 0.136392 0.990655 10 1.33177 5.57145 -0.1 -0.1 5.65068e-13 -0.547164 0.409932 -0.707751 0.177923 -0.57358 -0.526539 -0.0488429 0.872665 5.8042 20 -0.525987 -0.547164 0.409932 -0.707751 0.177923
26.7526 -12.6272 7.58704 -7.47926e-14 9.83819e-15 0.130416 0.991459 10 0.270336 6.48284 -0.1 -0.1 7.60277e-13 -0.538365 0.396381 -0.722961 0.174277 -0.512634 -0.505468 -0.0495867 0.872665 5.78165 20 -0.214256 -0.538365 0.396381 -0.722961 0.174277
27.6661 -12.6732 8.22891 -1.14777e-13 1.40439e-14 0.121452 0.992597 10 -1.30687 7.78486 -0.1 -0.1 1.16635e-12 -0.524756 0.377749 -0.743727 0.169729 -0.458635 -0.493808 -0.0509736 0.872665 5.78463 20 0.276526 -0.524756 0.377749 -0.743727 0.169729
27.9708 -12.7204 8.46954 -1.32442e-13 1.57951e-14 0.118421 0.992963 10 -1.84383 8.25016 -0.1 -0.1 1.35379e-12 -0.520108 0.371811 -0.750264 0.168366 -0.449771 -0.490316 -0.0507512 0.872665 5.79521 20 0.425312 -0.520108 0.371811 -0.750264 0.168366
28.7838 -12.9232 9.18015 -1.94846e-13 2.16597e-14 0.110482 0.993878 10 -3.21599 9.51451 -0.1 -0.1 2.02627e-12 -0.50738 0.356504 -0.766946 0.165117 -0.413949 -0.489578 -0.0499423 0.872665 5.84168 20 0.703106 -0.50738 0.356504 -0.766946 0.165117
29.2921 -13.1037 9.67445 -2.48881e-13 2.64578e-14 0.105711 0.994397 10 -4.00107 10 -0.1 -0.1 2.6154e-12 -0.499146 0.347352 -0.77685 0.163414 -0.391141 -0.49001 -0.0486137 0.872665 5.87869 20 0.761346 -0.499146 0.347352 -0.77685 0.163414
30.1064 -13.4711 10.4817 -3.70887e-13 3.6645e-14 0.0983249 0.995154 10 -5.16311 10 -0.1 -0.1 4.0046e-12 -0.485272 0.332979 -0.79226 0.161121 -0.379412 -0.510155 -0.0484678 0.872665 5.93689 20 0.653201 -0.485272 0.332979 -0.79226 0.161121
30.4118 -13.6319 10.7844 -4.31857e-13 4.1509e-14 0.0956767 0.995412 10 -5.5546 10 -0.1 -0.1 4.69518e-12 -0.479895 0.327545 -0.797948 0.160294 -0.384885 -0.505961 -0.0481789 0.872665 5.95509 20 0.555712 -0.479895 0.327545 -0.797948 0.160294
31.3283 -14.1809 11.6925 -6.85529e-13 6.05597e-14 0.0879975 0.996121 10 -6.63206 10 -0.1 -0.1 7.56885e-12 -0.464128 0.310407 -0.814567 0.157205 -0.416626 -0.486078 -0.0442677 0.872665 5.98761 20 0.145264 -0.464128 0.310407 -0.814567 0.157205
31.8377 -14.5269 12.1973 -8.88943e-13 7.47328e-14 0.0837737 0.996485 10 -7.2132 10 -0.1 -0.1 9.90342e-12 -0.455731 0.299975 -0.823608 0.154901 -0.466052 -0.471286 -0.0410824 0.872665 5.9884 20 -0.112258 -0.455731 0.299975 -0.823608 0.154901
32.3483 -14.9039 12.7028 -1.15786e-12 9.21135e-14 0.0793043 0.99685 10 -7.87695 10 -0.1 -0.1 1.32911e-11 -0.447815 0.288391 -0.832606 0.151855 -0.524268 -0.449517 -0.03906 0.872665 5.97618 20 -0.368356 -0.447815 0.288391 -0.832606 0.151855
33.3698 -15.7642 13.7145 -2.00072e-12 1.4008e-13 0.0698437 0.997558 10 -9.3767 10 -0.1 -0.1 2.36753e-11 -0.433195 0.261419 -0.850536 0.143492 -0.634801 -0.42747 -0.0350645 0.872665 5.92182 20 -0.653875 -0.433195 0.261419 -0.850536 0.143492
33.4719 -15.8588 13.8157 -2.11478e-12 1.45939e-13 0.0688454 0.997627 10 -9.54394 10 -0.1 -0.1 2.50721e-11 -0.431789 0.258468 -0.852316 0.142516 -0.643456 -0.426647 -0.0348203 0.872665 5.91525 20 -0.659303 -0.431789 0.258468 -0.852316 0.142516
33.8801 -16.2532 14.2201 -2.64056e-12 1.71637e-13 0.0648634 0.997894 10 -10 10 -0.1 -0.1 3.11569e-11 -0.426129 0.246417 -0.859367 0.138496 -0.658491 -0.428107 -0.0342533 0.872665 5.88912 20 -0.635314 -0.426129 0.246417 -0.859367 0.138496
34.0842 -16.4549 14.4224 -2.94956e-12 1.85638e-13 0.0628135 0.998025 10 -10 10 -0.1 -0.1 3.475e-11 -0.423273 0.240213 -0.862863 0.136403 -0.679196 -0.429247 -0.034434 0.872665 5.87677 20 -0.59664 -0.423273 0.240213 -0.862863 0.136403
34.1864 -16.5558 14.5236 -3.11705e-12 1.92854e-13 0.0617524 0.998091 10 -10 10 -0.1 -0.1 3.67815e-11 -0.42184 0.237033 -0.864613 0.135319 -0.691734 -0.430976 -0.0343579 0.872665 5.87093 20 -0.569792 -0.42184 0.237033 -0.864613 0.135319
34.6968 -17.0605 15.0295 -4.11105e-12 2.32229e-13 0.0563992 0.998408 10 -10 10 -0.1 -0.1 4.84829e-11 -0.414642 0.220306 -0.873363 0.129513 -0.747446 -0.433176 -0.0341617 0.872665 5.84685 20 -0.377525 -0.414642 0.220306 -0.873363 0.129513
35.4108 -17.7671 15.7374 -6.04544e-12 2.95562e-13 0.0488317 0.998807 10 -10 10 -0.1 -0.1 7.051e-11 -0.404219 0.194962 -0.885476 0.120538 -0.803018 -0.448031 -0.0342809 0.872665 5.8335 20 0.016603 -0.404219 0.194962 -0.885476 0.120538
36.4302 -18.776 16.7481 -1.03987e-11 3.98679e-13 0.0383112 0.999266 10 -10 10 -0.1 -0.1 1.19061e-10 -0.38816 0.155619 -0.902106 0.106393 -0.867784 -0.46804 -0.0361862 0.872665 5.86775 19.9204 0.674318 -0.38816 0.155619 -0.902106 0.106393
37.2466 -19.5825 17.5571 -1.60165e-11 4.85596e-13 0.0303046 0.999541 10 -10 10 -0.1 -0.1 1.85285e-10 -0.373537 0.122308 -0.914655 0.0944341 -0.886201 -0.516913 -0.0368241 0.872665 5.94228 19.584 1.17069 -0.373537 0.122308 -0.914655 0.0944341
37.6547 -19.9851 17.9613 -1.99034e-11 5.31256e-13 0.0266822 0.999644 10 -10 10 -0.1 -0.1 2.30303e-10 -0.365126 0.105314 -0.920745 0.0884325 -0.887513 -0.565727 -0.0374199 0.872665 5.99306 19.3372 1.36142 -0.365126 0.105314 -0.920745 0.0884325
37.9604 -20.2867 18.2642 -2.34197e-11 5.67141e-13 0.0242092 0.999707 10 -10 10 -0.1 -0.1 2.68864e-10 -0.358131 0.0924129 -0.925287 0.0839404 -0.89623 -0.602485 -0.0376268 0.872665 6.03557 19.1342 1.46865 -0.358131 0.0924129 -0.925287 0.0839404
38.0623 -20.3871 18.3652 -2.47185e-11 5.79217e-13 0.023426 0.999726 10 -10 10 -0.1 -0.1 2.82904e-10 -0.355664 0.0880673 -0.926796 0.0824381 -0.900285 -0.616934 -0.0376967 0.872665 6.05041 19.0619 1.49828 -0.355664 0.0880673 -0.926796 0.0824381
38.7754 -21.0894 19.0715 -3.59185e-11 6.63399e-13 0.0184664 0.999829 10 -10 10 -0.1 -0.1 4.04632e-10 -0.336432 0.0569564 -0.937236 0.0718151 -0.924567 -0.703228 -0.0378591 0.872665 6.16066 18.4642 1.63129 -0.336432 0.0569564 -0.937236 0.0718151
39.4881 -21.7901 19.7775 -5.18939e-11 7.49607e-13 0.0144435 0.999896 10 -10 10 -0.1 -0.1 5.74679e-10 -0.31424 0.0248636 -0.947056 0.0609897 -0.942936 -0.767931 -0.0369566 0.872665 6.2762 17.7197 1.65516 -0.31424 0.0248636 -0.947056 0.0609897
40.4041 -22.6818 20.685 -8.26773e-11 1.13228e-12 0.0136939 0.999906 10 -9.73571 10 0.1 -0.1 9.01628e-10 -0.282026 -0.0174191 -0.958107 0.0467825 -0.96014 -0.837897 -0.0353625 0.872665 0.139827 16.5023 1.59873 -0.282026 -0.0174191 -0.958107 0.0467825
41.422 -23.617 21.6939 -1.3798e-10 2.9093e-12 0.0210804 0.999778 10 -8.8781 10 0.1 -0.1 1.49371e-09 -0.242392 -0.0652211 -0.967497 0.0306891 -0.973246 -0.885614 -0.0316964 0.872665 0.296192 14.7581 1.54221 -0.242392 -0.0652211 -0.967497 0.0306891
41.931 -24.045 22.1987 -1.77984e-10 4.53467e-12 0.0254697 0.999676 10 -8.2185 10 0.1 -0.1 1.92663e-09 -0.221444 -0.0891113 -0.97083 0.0225956 -0.964627 -0.901098 -0.0302018 0.872665 0.373595 13.7271 1.56136 -0.221444 -0.0891113 -0.97083 0.0225956
42.2363 -24.2847 22.5016 -2.07309e-10 5.87057e-12 0.0283066 0.999599 10 -7.75567 10 0.1 -0.1 2.23716e-09 -0.208564 -0.103378 -0.972368 0.0177329 -0.968614 -0.912193 -0.0295994 0.872665 0.420913 13.0781 1.59634 -0.208564 -0.103378 -0.972368 0.0177329
43.2527 -24.971 23.5111 -3.42329e-10 1.32821e-11 0.0387701 0.999248 10 -5.88162 10 0.1 -0.1 3.58268e-09 -0.164048 -0.150975 -0.97483 0.00128144 -0.978934 -0.941063 -0.0305679 0.872665 0.591757 10.8571 1.85919 -0.164048 -0.150975 -0.97483 0.00128144
44.1657 -25.4058 24.4199 -5.29094e-10 2.63252e-11 0.0496937 0.998765 10 -3.69833 10 0.1 -0.1 5.2957e-09 -0.122355 -0.192425 -0.973558 -0.0136584 -0.93575 -0.958832 -0.0337367 0.872665 0.777041 8.84394 2.28221 -0.122355 -0.192425 -0.973558 -0.0136584
44.8744 -25.5938 25.127 -7.31154e-10 4.34654e-11 0.059343 0.998238 10 -1.61955 10 0.1 -0.1 6.95752e-09 -0.089187 -0.222634 -0.970486 -0.0252339 -0.888274 -0.968857 -0.0360451 0.872665 0.950695 7.34015 2.68243 -0.089187 -0.222634 -0.970486 -0.0252339
45.5814 -25.6229 25.8348 -9.91952e-10 6.97663e-11 0.0701591 0.997536 10 0.844201 10 0.1 -0.1 8.76416e-09 -0.0557863 -0.250798 -0.965735 -0.0366573 -0.843105 -0.964795 -0.03542 0.872665 1.15234 5.93575 3.06587 -0.0557863 -0.250798 -0.965735 -0.0366573
46.4864 -25.3846 26.7456 -1.41075e-09 1.21209e-10 0.085603 0.996329 10 4.51503 10 0.1 -0.1 1.05726e-08 -0.0140253 -0.284174 -0.957326 -0.0507556 -0.79014 -0.913629 -0.0350822 0.872665 1.44369 4.36858 3.34729 -0.0140253 -0.284174 -0.957326 -0.0507556
46.6868 -25.2859 26.948 -1.51291e-09 1.35366e-10 0.0891173 0.996021 10 5.35603 10 0.1 -0.1 1.07466e-08 -0.00502848 -0.291256 -0.955119 -0.0537772 -0.791221 -0.902782 -0.0346897 0.872665 1.51072 4.07625 3.35115 -0.00502848 -0.291256 -0.955119 -0.0537772
