-10.000000 -40.000000 20.000000 0.000000 0.000000 0.000000 1.000000 -11.000000 -41.000000 22.500000 0.000000 0.000000 0.000000 1.000000 -9.000000 -41.000000 22.500000 0.000000 0.000000 0.000000 1.000000 -9.000000 -39.000000 22.500000 0.000000 0.000000 0.000000 1.000000 -11.000000 -39.000000 22.500000 0.000000 0.000000 0.000000 1.000000
-10.000000 -40.000000 20.003000 0.000000 0.000000 0.000000 1.000000 -11.000000 -41.000000 22.503000 0.000000 0.000000 0.000000 1.000000 -9.000000 -41.000000 22.503000 0.000000 0.000000 0.000000 1.000000 -9.000000 -39.000000 22.503000 0.000000 0.000000 0.000000 1.000000 -11.000000 -39.000000 22.503000 0.000000 0.000000 0.000000 1.000000
-10.000000 -40.000000 19.991300 0.000000 0.000000 -0.000000 1.000000 -11.000019 -41.000000 22.491300 -0.000679 -0.000660 -0.000039 1.000000 -9.000019 -41.000000 22.491300 -0.000679 -0.000660 -0.000039 1.000000 -9.000019 -39.000000 22.491300 -0.000679 -0.000660 -0.000039 1.000000 -11.000019 -39.000000 22.491300 -0.000679 -0.000660 -0.000039 1.000000
-10.000000 -40.000000 19.988000 0.000000 0.000000 -0.000000 1.000000 -11.000030 -41.000000 22.488000 -0.000818 -0.000807 -0.000047 0.999999 -9.000030 -41.000000 22.488000 -0.000818 -0.000807 -0.000047 0.999999 -9.000030 -39.000000 22.488000 -0.000818 -0.000807 -0.000047 0.999999 -11.000030 -39.000000 22.488000 -0.000818 -0.000807 -0.000047 0.999999
-10.000000 -40.000000 19.972800 -0.000000 -0.000000 -0.000000 1.000000 -11.000119 -41.000000 22.472800 -0.001421 -0.001362 -0.000071 0.999998 -9.000119 -41.000000 22.472800 -0.001421 -0.001362 -0.000071 0.999998 -9.000119 -39.000000 22.472800 -0.001421 -0.001362 -0.000071 0.999998 -11.000119 -39.000000 22.472800 -0.001421 -0.001362 -0.000071 0.999998
-10.000000 -40.000000 19.956200 -0.000000 -0.000000 -0.000000 1.000000 -11.000326 -41.000000 22.456200 -0.002141 -0.001697 -0.000082 0.999996 -9.000326 -41.000000 22.456200 -0.002141 -0.001697 -0.000082 0.999996 -9.000326 -39.000000 22.456200 -0.002141 -0.001697 -0.000082 0.999996 -11.000326 -39.000000 22.456200 -0.002141 -0.001697 -0.000082 0.999996
-10.000000 -40.000000 19.927500 -0.000000 -0.000000 -0.000000 1.000000 -11.000894 -41.000000 22.427500 -0.003433 -0.001358 -0.000060 0.999993 -9.000894 -41.000000 22.427500 -0.003433 -0.001358 -0.000060 0.999993 -9.000894 -39.000000 22.427500 -0.003433 -0.001358 -0.000060 0.999993 -11.000894 -39.000000 22.427500 -0.003433 -0.001358 -0.000060 0.999993
-10.000000 -40.000000 19.910900 -0.000000 -0.000000 -0.000000 1.000000 -11.001270 -41.000001 22.410900 -0.004276 -0.000747 -0.000033 0.999991 -9.001270 -41.000001 22.410900 -0.004276 -0.000747 -0.000033 0.999991 -9.001270 -39.000001 22.410900 -0.004276 -0.000747 -0.000033 0.999991 -11.001270 -39.000001 22.410900 -0.004276 -0.000747 -0.000033 0.999991
-10.000000 -40.000000 19.880600 -0.000000 -0.000000 -0.000000 1.000000 -11.001925 -41.000003 22.380599 -0.006186 0.001218 0.000035 0.999980 -9.001925 -41.000003 22.380599 -0.006186 0.001218 0.000035 0.999980 -9.001925 -39.000003 22.380599 -0.006186 0.001218 0.000035 0.999980 -11.001925 -39.000003 22.380599 -0.006186 0.001218 0.000035 0.999980
-10.000100 -40.000000 19.843300 -0.000000 -0.000000 -0.000000 1.000000 -11.002502 -41.000006 22.343299 -0.008348 0.004578 0.000134 0.999955 -9.002502 -41.000006 22.343299 -0.008348 0.004578 0.000134 0.999955 -9.002502 -39.000006 22.343299 -0.008348 0.004578 0.000134 0.999955 -11.002502 -39.000006 22.343299 -0.008348 0.004578 0.000134 0.999955
-10.000100 -40.000000 19.813900 -0.000000 -0.000000 -0.000000 1.000000 -11.002610 -41.000008 22.313898 -0.009590 0.007200 0.000205 0.999928 -9.002610 -41.000009 22.313898 -0.009590 0.007200 0.000205 0.999928 -9.002610 -39.000009 22.313898 -0.009590 0.007200 0.000205 0.999928 -11.002610 -39.000008 22.313898 -0.009590 0.007200 0.000205 0.999928
-10.000200 -40.000000 19.699100 0.000000 0.000000 -0.000000 1.000000 -11.002005 -41.000011 22.199099 -0.013206 0.014575 0.000353 0.999807 -9.002005 -41.000011 22.199099 -0.013206 0.014575 0.000353 0.999807 -9.002005 -39.000011 22.199099 -0.013206 0.014575 0.000353 0.999807 -11.002005 -39.000011 22.199099 -0.013206 0.014575 0.000353 0.999807
-10.000300 -40.000000 19.604300 0.000000 0.000000 -0.000000 1.000000 -11.000257 -40.999999 22.104300 -0.015380 0.019349 0.000418 0.999694 -9.000257 -41.000000 22.104300 -0.015380 0.019349 0.000418 0.999694 -9.000256 -39.000000 22.104300 -0.015380 0.019349 0.000418 0.999694 -11.000256 -38.999999 22.104300 -0.015380 0.019349 0.000418 0.999694
-10.000300 -40.000000 19.409300 0.000000 0.000000 -0.000000 1.000000 -10.991254 -40.999865 21.909280 -0.018716 0.029889 0.000553 0.999378 -8.991254 -40.999865 21.909280 -0.018716 0.029889 0.000553 0.999378 -8.991254 -38.999865 21.909280 -0.018716 0.029889 0.000553 0.999378 -10.991254 -38.999865 21.909280 -0.018716 0.029889 0.000553 0.999378
-10.000200 -40.000000 19.188000 0.000000 -0.000000 0.000003 1.000000 -10.971467 -40.999297 21.687794 -0.022833 0.042912 0.000685 0.998818 -8.971467 -40.999286 21.687794 -0.022833 0.042912 0.000685 0.998818 -8.971477 -38.999286 21.687794 -0.022833 0.042912 0.000685 0.998818 -10.971477 -38.999297 21.687794 -0.022833 0.042912 0.000685 0.998818
-10.000100 -40.000000 19.161900 -0.000000 0.000000 0.000003 1.000000 -10.968343 -40.999182 21.661648 -0.023378 0.044477 0.000698 0.998737 -8.968343 -40.999168 21.661648 -0.023378 0.044477 0.000698 0.998737 -8.968356 -38.999168 21.661648 -0.023378 0.044477 0.000698 0.998737 -10.968356 -38.999182 21.661648 -0.023378 0.044477 0.000698 0.998737
-9.999070 -40.000000 18.870800 -0.000000 0.000000 0.000020 1.000000 -10.927991 -40.997086 21.369536 -0.029273 0.061679 0.000862 0.997666 -8.927991 -40.997005 21.369536 -0.029273 0.061679 0.000862 0.997666 -8.928072 -38.997005 21.369536 -0.029273 0.061679 0.000862 0.997666 -10.928072 -38.997086 21.369536 -0.029273 0.061679 0.000862 0.997666
-9.998730 -40.000000 18.805500 -0.000000 0.000000 0.000027 1.000000 -10.917655 -40.996387 21.303855 -0.030528 0.065435 0.000903 0.997389 -8.917655 -40.996281 21.303855 -0.030528 0.065435 0.000903 0.997389 -8.917761 -38.996281 21.303855 -0.030528 0.065435 0.000903 0.997389 -10.917761 -38.996387 21.303855 -0.030528 0.065435 0.000903 0.997389
-9.996570 -39.999900 18.477200 -0.000000 0.000000 0.000074 1.000000 -10.861066 -40.991402 20.972596 -0.035861 0.083702 0.001248 0.995845 -8.861066 -40.991105 20.972596 -0.035861 0.083702 0.001248 0.995845 -8.861362 -38.991105 20.972596 -0.035861 0.083702 0.001248 0.995845 -10.861362 -38.991402 20.972596 -0.035861 0.083702 0.001248 0.995845
-9.996260 -39.999900 18.437200 -0.000000 0.000000 0.000082 1.000000 -10.853673 -40.990639 20.932100 -0.036403 0.085848 0.001304 0.995642 -8.853673 -40.990310 20.932100 -0.036403 0.085848 0.001304 0.995642 -8.854002 -38.990310 20.932100 -0.036403 0.085848 0.001304 0.995642 -10.854001 -38.990639 20.932100 -0.036403 0.085848 0.001304 0.995642
-9.993060 -39.999700 18.143000 -0.000000 0.000000 0.000181 1.000000 -10.793267 -40.983324 20.632962 -0.039533 0.100842 0.001759 0.994115 -8.793267 -40.982600 20.632962 -0.039533 0.100842 0.001759 0.994115 -8.793991 -38.982600 20.632962 -0.039533 0.100842 0.001759 0.994115 -10.793991 -38.983324 20.632962 -0.039533 0.100842 0.001759 0.994115
-9.990470 -39.999500 17.962000 -0.000000 0.000000 0.000275 1.000000 -10.752001 -40.977377 20.447669 -0.040998 0.109213 0.002056 0.993170 -8.752001 -40.976279 20.447669 -0.040998 0.109213 0.002056 0.993170 -8.753100 -38.976279 20.447669 -0.040998 0.109213 0.002056 0.993170 -10.753099 -38.977377 20.447669 -0.040998 0.109213 0.002056 0.993170
-9.985390 -39.999200 17.613100 -0.000000 0.000000 0.000471 1.000000 -10.670251 -40.963480 20.087926 -0.042416 0.123438 0.002713 0.991442 -8.670252 -40.961596 20.087926 -0.042416 0.123438 0.002713 0.991442 -8.672136 -38.961597 20.087926 -0.042416 0.123438 0.002713 0.991442 -10.672135 -38.963481 20.087926 -0.042416 0.123438 0.002713 0.991442
-9.983020 -39.999100 17.450400 -0.000000 0.000000 0.000568 1.000000 -10.631492 -40.955953 19.918969 -0.042596 0.129333 0.003039 0.990681 -8.631493 -40.953680 19.918969 -0.042596 0.129333 0.003039 0.990681 -8.633766 -38.953681 19.918969 -0.042596 0.129333 0.003039 0.990681 -10.633765 -38.955954 19.918969 -0.042596 0.129333 0.003039 0.990681
-9.980230 -39.998800 17.281600 -0.000000 0.000000 0.000698 1.000000 -10.589812 -40.947110 19.742683 -0.042856 0.134946 0.003339 0.989920 -8.589814 -40.944317 19.742683 -0.042856 0.134946 0.003339 0.989920 -8.592608 -38.944318 19.742683 -0.042856 0.134946 0.003339 0.989920 -10.592606 -38.947112 19.742683 -0.042856 0.134946 0.003339 0.989920
-9.967970 -39.997600 16.812300 -0.000000 0.000000 0.001465 0.999999 -10.459633 -40.916819 19.245577 -0.044083 0.150015 0.004074 0.987692 -8.459642 -40.910960 19.245577 -0.044083 0.150015 0.004074 0.987692 -8.465501 -38.910969 19.245577 -0.044083 0.150015 0.004074 0.987692 -10.465492 -38.916828 19.245577 -0.044083 0.150015 0.004074 0.987692
-9.958120 -39.996300 16.569600 -0.000000 0.000000 0.002214 0.999998 -10.383101 -40.897204 18.983685 -0.044883 0.157962 0.004442 0.986415 -8.383121 -40.888350 18.983685 -0.044883 0.157962 0.004442 0.986415 -8.391975 -38.888369 18.983685 -0.044883 0.157962 0.004442 0.986415 -10.391956 -38.897224 18.983685 -0.044883 0.157962 0.004442 0.986415
-9.944310 -39.994400 16.325000 -0.000000 0.000000 0.003398 0.999994 -10.297469 -40.874430 18.715584 -0.045867 0.166459 0.004827 0.984969 -8.297515 -40.860839 18.715584 -0.045867 0.166459 0.004827 0.984969 -8.311106 -38.860885 18.715584 -0.045867 0.166459 0.004827 0.984969 -10.311060 -38.874476 18.715584 -0.045867 0.166459 0.004827 0.984969
-9.914700 -39.989600 15.955600 -0.000000 0.000000 0.006188 0.999981 -10.151580 -40.833558 18.301720 -0.047659 0.180444 0.005493 0.982415 -8.151733 -40.808807 18.301720 -0.047659 0.180444 0.005493 0.982415 -8.176485 -38.808960 18.301720 -0.047659 0.180444 0.005493 0.982415 -10.176331 -38.833711 18.301720 -0.047659 0.180444 0.005493 0.982415
-9.873880 -39.982400 15.579800 -0.000000 0.000000 0.009325 0.999957 -9.988345 -40.782839 17.869009 -0.050117 0.195586 0.006173 0.979386 -7.988693 -40.745542 17.869009 -0.050117 0.195586 0.006173 0.979386 -8.025989 -38.745890 17.869009 -0.050117 0.195586 0.006173 0.979386 -10.025641 -38.783187 17.869009 -0.050117 0.195586 0.006173 0.979386
-9.822260 -39.972400 15.192600 -0.000000 0.000000 0.012460 0.999922 -9.811228 -40.721535 17.410827 -0.053999 0.211541 0.006682 0.975853 -7.811849 -40.671699 17.410827 -0.053999 0.211541 0.006682 0.975853 -7.861684 -38.672320 17.410827 -0.053999 0.211541 0.006682 0.975853 -9.861063 -38.722156 17.410827 -0.053999 0.211541 0.006682 0.975853
-9.769520 -39.961300 14.861000 0.000000 -0.000000 0.015153 0.999885 -9.653606 -40.662606 17.008576 -0.058460 0.225014 0.006896 0.972576 -7.654524 -40.601999 17.008576 -0.058460 0.225014 0.006896 0.972576 -7.715131 -38.602918 17.008576 -0.058460 0.225014 0.006896 0.972576 -9.714212 -38.663524 17.008576 -0.058460 0.225014 0.006896 0.972576
-9.745210 -39.956000 14.726800 0.000000 -0.000000 0.016244 0.999868 -9.587865 -40.637120 16.843212 -0.060521 0.230427 0.006925 0.971181 -7.588921 -40.572154 16.843212 -0.060521 0.230427 0.006925 0.971181 -7.653887 -38.573210 16.843212 -0.060521 0.230427 0.006925 0.971181 -9.652831 -38.638176 16.843212 -0.060521 0.230427 0.006925 0.971181
-9.658560 -39.935400 14.320700 0.000000 -0.000000 0.019604 0.999808 -9.380793 -40.553684 16.334415 -0.067903 0.248091 0.006807 0.966330 -7.382330 -40.475283 16.334415 -0.067903 0.248091 0.006807 0.966330 -7.460731 -38.476820 16.334415 -0.067903 0.248091 0.006807 0.966330 -9.459194 -38.555221 16.334415 -0.067903 0.248091 0.006807 0.966330
-9.641790 -39.931200 14.252700 0.000000 -0.000000 0.020200 0.999796 -9.344695 -40.538879 16.248097 -0.069301 0.251240 0.006759 0.965417 -7.346327 -40.458096 16.248097 -0.069301 0.251240 0.006759 0.965417 -7.427110 -38.459728 16.248097 -0.069301 0.251240 0.006759 0.965417 -9.425478 -38.540511 16.248097 -0.069301 0.251240 0.006759 0.965417
-9.417880 -39.869100 13.583100 0.000000 -0.000000 0.026362 0.999652 -8.949091 -40.375297 15.387511 -0.085506 0.284052 0.005882 0.954971 -6.951871 -40.269886 15.387511 -0.085506 0.284052 0.005882 0.954971 -7.057282 -38.272666 15.387511 -0.085506 0.284052 0.005882 0.954971 -9.054502 -38.378077 15.387511 -0.085506 0.284052 0.005882 0.954971
-9.159100 -39.788800 13.056000 0.000000 -0.000000 0.031473 0.999505 -8.678062 -40.265063 14.841575 -0.100946 0.311935 0.004767 0.944714 -6.682024 -40.139235 14.841575 -0.100946 0.311935 0.004767 0.944714 -6.807853 -38.143197 14.841575 -0.100946 0.311935 0.004767 0.944714 -8.803891 -38.269026 14.841575 -0.100946 0.311935 0.004767 0.944714
-9.043810 -39.751300 12.859300 0.000000 -0.000000 0.033350 0.999444 -8.563201 -40.220476 14.644875 -0.107136 0.322821 0.004302 0.940367 -6.567649 -40.087152 14.644875 -0.107136 0.322821 0.004302 0.940367 -6.700974 -38.091601 14.644875 -0.107136 0.322821 0.004302 0.940367 -8.696525 -38.224925 14.644875 -0.107136 0.322821 0.004302 0.940367
-8.600750 -39.600900 12.196300 0.000000 -0.000000 0.039517 0.999219 -8.118968 -40.053710 13.981875 -0.127420 0.360630 0.003116 0.923959 -6.125215 -39.895765 13.981875 -0.127420 0.360630 0.003116 0.923959 -6.283160 -37.902011 13.981875 -0.127420 0.360630 0.003116 0.923959 -8.276914 -38.059957 13.981875 -0.127420 0.360630 0.003116 0.923959
-8.234840 -39.470700 11.727500 0.000000 -0.000000 0.044000 0.999032 -7.748723 -39.919807 13.513075 -0.141359 0.387895 0.002517 0.910796 -5.756467 -39.743976 13.513075 -0.141359 0.387895 0.002517 0.910796 -5.932298 -37.751720 13.513075 -0.141359 0.387895 0.002517 0.910796 -7.924554 -37.927551 13.513075 -0.141359 0.387895 0.002517 0.910796
-7.876530 -39.338800 11.330300 0.000000 -0.000000 0.048084 0.998843 -7.383396 -39.791192 13.115875 -0.153320 0.411129 0.001992 0.898589 -5.392645 -39.599080 13.115875 -0.153320 0.411129 0.001992 0.898589 -5.584757 -37.608328 13.115875 -0.153320 0.411129 0.001992 0.898589 -7.575509 -37.800441 13.115875 -0.153320 0.411129 0.001992 0.898589
-7.541570 -39.212000 11.007000 0.000000 -0.000000 0.051534 0.998671 -7.040238 -39.671968 12.792575 -0.163171 0.429629 0.001457 0.888140 -5.050861 -39.466106 12.792575 -0.163171 0.429629 0.001457 0.888140 -5.256723 -37.476729 12.792575 -0.163171 0.429629 0.001457 0.888140 -7.246100 -37.682591 12.792575 -0.163171 0.429629 0.001457 0.888140
-7.323540 -39.128200 10.817400 0.000000 -0.000000 0.053673 0.998559 -6.816146 -39.594940 12.602975 -0.168972 0.440234 0.001086 0.881840 -4.827669 -39.380558 12.602975 -0.168972 0.440234 0.001086 0.881840 -5.042051 -37.392081 12.602975 -0.168972 0.440234 0.001086 0.881840 -7.030528 -37.606463 12.602975 -0.168972 0.440234 0.001086 0.881840
-6.491440 -38.800900 10.220700 -0.000000 0.000000 0.060919 0.998143 -5.958581 -39.301435 12.006275 -0.187588 0.473117 -0.000391 0.860797 -3.973425 -39.058212 12.006275 -0.187588 0.473117 -0.000391 0.860797 -4.216648 -37.073056 12.006275 -0.187588 0.473117 -0.000391 0.860797 -6.201804 -37.316279 12.006275 -0.187588 0.473117 -0.000391 0.860797
-6.209500 -38.688400 10.052700 -0.000000 0.000000 0.063093 0.998008 -5.667870 -39.201740 11.838275 -0.193103 0.482360 -0.000966 0.854423 -3.683793 -38.949870 11.838275 -0.193103 0.482360 -0.000966 0.854423 -3.935662 -36.965793 11.838275 -0.193103 0.482360 -0.000966 0.854423 -5.919739 -37.217662 11.838275 -0.193103 0.482360 -0.000966 0.854423
-5.306340 -38.309400 9.585600 -0.000000 0.000000 0.069700 0.997568 -4.736861 -38.865243 11.371175 -0.210420 0.508928 -0.003472 0.834688 -2.756294 -38.587122 11.371175 -0.210420 0.508928 -0.003472 0.834688 -3.034415 -36.606554 11.371175 -0.210420 0.508928 -0.003472 0.834688 -5.014982 -36.884676 11.371175 -0.210420 0.508928 -0.003472 0.834688
-5.104560 -38.216900 9.489360 -0.000000 0.000000 0.071138 0.997467 -4.528970 -38.782309 11.274935 -0.214439 0.514612 -0.004201 0.830164 -2.549212 -38.498479 11.274935 -0.214439 0.514612 -0.004201 0.830164 -2.833042 -36.518721 11.274935 -0.214439 0.514612 -0.004201 0.830164 -4.812800 -36.802551 11.274935 -0.214439 0.514612 -0.004201 0.830164
-4.499690 -37.923700 9.213400 -0.000000 0.000000 0.075302 0.997161 -3.906805 -38.516198 10.998975 -0.227069 0.531265 -0.006913 0.816180 -1.929487 -38.215843 10.998975 -0.227069 0.531265 -0.006913 0.816180 -2.229841 -36.238525 10.998975 -0.227069 0.531265 -0.006913 0.816180 -4.207159 -36.538879 10.998975 -0.227069 0.531265 -0.006913 0.816180
-3.894710 -37.607800 8.955420 -0.000000 0.000000 0.079447 0.996839 -3.286342 -38.223179 10.740995 -0.240517 0.547567 -0.010360 0.801383 -1.311589 -37.906397 10.740995 -0.240517 0.547567 -0.010360 0.801383 -1.628370 -35.931644 10.740995 -0.240517 0.547567 -0.010360 0.801383 -3.603123 -36.248426 10.740995 -0.240517 0.547567 -0.010360 0.801383
-3.592330 -37.441600 8.832900 -0.000000 0.000000 0.081481 0.996675 -2.977202 -38.066011 10.618475 -0.247442 0.555681 -0.012265 0.793625 -1.003759 -37.741169 10.618475 -0.247442 0.555681 -0.012265 0.793625 -1.328601 -35.767726 10.618475 -0.247442 0.555681 -0.012265 0.793625 -3.302044 -36.092568 10.618475 -0.247442 0.555681 -0.012265 0.793625
-2.987210 -37.093000 8.601250 -0.000000 0.000000 0.085613 0.996328 -2.360621 -37.729459 10.386825 -0.260839 0.571654 -0.015890 0.777767 -0.389939 -37.388264 10.386825 -0.260839 0.571654 -0.015890 0.777767 -0.731134 -35.417582 10.386825 -0.260839 0.571654 -0.015890 0.777767 -2.701816 -35.758777 10.386825 -0.260839 0.571654 -0.015890 0.777767
-2.280410 -36.656100 8.359310 -0.000000 0.000000 0.090608 0.995887 -1.644541 -37.294186 10.144885 -0.275690 0.589363 -0.019952 0.759110 0.322619 -36.933245 10.144885 -0.275690 0.589363 -0.019952 0.759110 -0.038322 -34.966085 10.144885 -0.275690 0.589363 -0.019952 0.759110 -2.005482 -35.327026 10.144885 -0.275690 0.589363 -0.019952 0.759110
-1.472590 -36.113700 8.124990 -0.000000 0.000000 0.096383 0.995344 -0.832530 -36.736072 9.910565 -0.292078 0.607876 -0.024835 0.737943 1.130311 -36.352333 9.910565 -0.292078 0.607876 -0.024835 0.737943 0.746572 -34.389493 9.910565 -0.292078 0.607876 -0.024835 0.737943 -1.216269 -34.773231 9.910565 -0.292078 0.607876 -0.024835 0.737943
-0.664113 -35.520400 7.939510 -0.000000 0.000000 0.102440 0.994739 -0.025783 -36.112280 9.725085 -0.308440 0.624692 -0.030394 0.716729 1.932241 -35.704675 9.725085 -0.308440 0.624692 -0.030394 0.716729 1.524636 -33.746651 9.725085 -0.308440 0.624692 -0.030394 0.716729 -0.433388 -34.154255 9.725085 -0.308440 0.624692 -0.030394 0.716729
0.243598 -34.791100 7.780160 -0.000000 0.000000 0.108996 0.994042 0.874722 -35.341123 9.565735 -0.327264 0.641618 -0.037945 0.692665 2.827202 -34.907737 9.565735 -0.327264 0.641618 -0.037945 0.692665 2.393815 -32.955257 9.565735 -0.327264 0.641618 -0.037945 0.692665 0.441336 -33.388644 9.565735 -0.327264 0.641618 -0.037945 0.692665
1.050130 -34.089400 7.669120 -0.000000 0.000000 0.114901 0.993377 1.675913 -34.607618 9.454695 -0.344270 0.654655 -0.046026 0.671406 3.623104 -34.151058 9.454695 -0.344270 0.654655 -0.046026 0.671406 3.166544 -32.203867 9.454695 -0.344270 0.654655 -0.046026 0.671406 1.219353 -32.660427 9.454695 -0.344270 0.654655 -0.046026 0.671406
1.654990 -33.528500 7.602890 -0.000000 0.000000 0.119402 0.992846 2.280864 -34.032116 9.388465 -0.357342 0.663329 -0.053051 0.655352 4.223837 -33.557924 9.388465 -0.357342 0.663329 -0.053051 0.655352 3.749646 -31.614952 9.388465 -0.357342 0.663329 -0.053051 0.655352 1.806673 -32.089143 9.388465 -0.357342 0.663329 -0.053051 0.655352
2.158580 -33.038500 7.556640 -0.000000 0.000000 0.123040 0.992402 2.788387 -33.538005 9.342215 -0.368425 0.670038 -0.059435 0.641701 4.727832 -33.049585 9.342215 -0.368425 0.670038 -0.059435 0.641701 4.239412 -31.110140 9.342215 -0.368425 0.670038 -0.059435 0.641701 2.299967 -31.598560 9.342215 -0.368425 0.670038 -0.059435 0.641701
2.359980 -32.837800 7.539720 -0.000000 0.000000 0.124488 0.992221 2.992552 -33.337936 9.325295 -0.372862 0.672586 -0.062094 0.636197 4.930563 -32.843858 9.325295 -0.372862 0.672586 -0.062094 0.636197 4.436484 -30.905847 9.325295 -0.372862 0.672586 -0.062094 0.636197 2.498473 -31.399925 9.325295 -0.372862 0.672586 -0.062094 0.636197
2.863100 -32.336200 7.499550 -0.000000 0.000000 0.127989 0.991776 3.505384 -32.843508 9.285125 -0.383898 0.678487 -0.069036 0.622504 5.439859 -32.335763 9.285125 -0.383898 0.678487 -0.069036 0.622504 4.932114 -30.401287 9.285125 -0.383898 0.678487 -0.069036 0.622504 2.997639 -30.909032 9.285125 -0.383898 0.678487 -0.069036 0.622504
3.567510 -31.634000 7.447200 -0.000000 0.000000 0.132880 0.991132 4.230830 -32.165556 9.232775 -0.399343 0.685874 -0.079444 0.603151 6.160202 -31.638750 9.232775 -0.399343 0.685874 -0.079444 0.603151 5.633395 -29.709378 9.232775 -0.399343 0.685874 -0.079444 0.603151 3.704023 -30.236185 9.232775 -0.399343 0.685874 -0.079444 0.603151
3.969900 -31.232900 7.418790 -0.000000 0.000000 0.135609 0.990762 4.648665 -31.785555 9.204365 -0.408058 0.689685 -0.085621 0.592024 6.575106 -31.248129 9.204365 -0.408058 0.689685 -0.085621 0.592024 6.037681 -29.321688 9.204365 -0.408058 0.689685 -0.085621 0.592024 4.111240 -29.859114 9.204365 -0.408058 0.689685 -0.085621 0.592024
4.473400 -30.731200 7.386120 -0.000000 0.000000 0.139126 0.990275 5.174876 -31.317707 9.171695 -0.418545 0.693995 -0.093332 0.578342 7.097451 -30.766615 9.171695 -0.418545 0.693995 -0.093332 0.578342 6.546360 -28.844040 9.171695 -0.418545 0.693995 -0.093332 0.578342 4.623784 -29.395131 9.171695 -0.418545 0.693995 -0.093332 0.578342
4.674860 -30.530600 7.374460 -0.000000 0.000000 0.140534 0.990076 5.386233 -31.132833 9.160035 -0.422603 0.695562 -0.096420 0.572978 7.307234 -30.576276 9.160035 -0.422603 0.695562 -0.096420 0.572978 6.750677 -28.655275 9.160035 -0.422603 0.695562 -0.096420 0.572978 4.829676 -29.211832 9.160035 -0.422603 0.695562 -0.096420 0.572978
5.580850 -29.628200 7.329570 -0.000000 0.000000 0.146569 0.989200 6.338615 -30.312034 9.115145 -0.439366 0.701645 -0.109750 0.550098 8.252685 -29.732089 9.115145 -0.439366 0.701645 -0.109750 0.550098 7.672740 -27.818019 9.115145 -0.439366 0.701645 -0.109750 0.550098 5.758670 -28.397964 9.115145 -0.439366 0.701645 -0.109750 0.550098
6.587300 -28.626000 7.288710 -0.000000 0.000000 0.152948 0.988234 7.393399 -29.407798 9.074285 -0.455206 0.707550 -0.122504 0.526453 9.299826 -28.803205 9.074285 -0.455206 0.707550 -0.122504 0.526453 8.695232 -26.896777 9.074285 -0.455206 0.707550 -0.122504 0.526453 6.788805 -27.501371 9.074285 -0.455206 0.707550 -0.122504 0.526453
7.492600 -27.724600 7.253650 -0.000000 0.000000 0.158373 0.987379 8.333429 -28.583375 9.039225 -0.467398 0.712311 -0.132176 0.506637 10.233101 -27.957878 9.039225 -0.467398 0.712311 -0.132176 0.506637 9.607603 -26.058206 9.039225 -0.467398 0.712311 -0.132176 0.506637 7.707931 -26.683703 9.039225 -0.467398 0.712311 -0.132176 0.506637
8.297490 -26.923500 7.221300 -0.000000 0.000000 0.163098 0.986610 9.161153 -27.829813 9.006875 -0.477309 0.716008 -0.140133 0.489766 11.054749 -27.186156 9.006875 -0.477309 0.716008 -0.140133 0.489766 10.411092 -25.292560 9.006875 -0.477309 0.716008 -0.140133 0.489766 8.517496 -25.936216 9.006875 -0.477309 0.716008 -0.140133 0.489766
8.800610 -26.422800 7.201160 -0.000000 0.000000 0.166023 0.986122 9.674881 -27.345664 8.986735 -0.483314 0.718081 -0.145065 0.479295 11.564626 -26.690789 8.986735 -0.483314 0.718081 -0.145065 0.479295 10.909750 -24.801043 8.986735 -0.483314 0.718081 -0.145065 0.479295 9.020005 -25.455919 8.986735 -0.483314 0.718081 -0.145065 0.479295
9.303710 -25.922200 7.181430 -0.000000 0.000000 0.168932 0.985628 10.186069 -26.851125 8.967005 -0.489438 0.719690 -0.150584 0.468851 12.071917 -26.185109 8.967005 -0.489438 0.719690 -0.150584 0.468851 11.405901 -24.299261 8.967005 -0.489438 0.719690 -0.150584 0.468851 9.520053 -24.965277 8.967005 -0.489438 0.719690 -0.150584 0.468851
10.007900 -25.221300 7.154010 -0.000000 0.000000 0.172993 0.984923 10.898162 -26.144066 8.939585 -0.498456 0.720845 -0.159996 0.454230 12.778456 -25.462527 8.939585 -0.498456 0.720845 -0.159996 0.454230 12.096917 -23.582233 8.939585 -0.498456 0.720845 -0.159996 0.454230 10.216623 -24.263773 8.939585 -0.498456 0.720845 -0.159996 0.454230
10.108600 -25.121200 7.150050 -0.000000 0.000000 0.173578 0.984820 10.999761 -26.042092 8.935625 -0.499783 0.720916 -0.161491 0.452126 12.879243 -25.358320 8.935625 -0.499783 0.720916 -0.161491 0.452126 12.195471 -23.478837 8.935625 -0.499783 0.720916 -0.161491 0.452126 10.315988 -24.162609 8.935625 -0.499783 0.720916 -0.161491 0.452126
10.611500 -24.620500 7.130300 -0.000000 0.000000 0.176494 0.984302 11.506616 -25.530180 8.915875 -0.506865 0.721007 -0.169754 0.440931 13.382016 -24.835287 8.915875 -0.506865 0.721007 -0.169754 0.440931 12.687123 -22.959887 8.915875 -0.506865 0.721007 -0.169754 0.440931 10.811723 -23.654781 8.915875 -0.506865 0.721007 -0.169754 0.440931
11.114500 -24.119900 7.110230 -0.000000 0.000000 0.179420 0.983773 12.013597 -25.018825 8.895805 -0.514613 0.720684 -0.179192 0.428577 13.884831 -24.312792 8.895805 -0.514613 0.720684 -0.179192 0.428577 13.178797 -22.441558 8.895805 -0.514613 0.720684 -0.179192 0.428577 11.307563 -23.147591 8.895805 -0.514613 0.720684 -0.179192 0.428577
11.315600 -23.919600 7.101960 -0.000000 0.000000 0.180586 0.983559 12.216581 -24.815472 8.887535 -0.517852 0.720407 -0.183282 0.423379 14.086136 -24.105003 8.887535 -0.517852 0.720407 -0.183282 0.423379 13.375667 -22.235449 8.887535 -0.517852 0.720407 -0.183282 0.423379 11.506113 -22.945917 8.887535 -0.517852 0.720407 -0.183282 0.423379
12.220000 -23.018600 7.058300 -0.000000 0.000000 0.185743 0.982598 13.134158 -23.919023 8.843875 -0.532715 0.717291 -0.204486 0.399868 14.996156 -23.188979 8.843875 -0.532715 0.717291 -0.204486 0.399868 14.266113 -21.326981 8.843875 -0.532715 0.717291 -0.204486 0.399868 12.404114 -22.057025 8.843875 -0.532715 0.717291 -0.204486 0.399868
13.123900 -22.117800 6.998740 -0.000000 0.000000 0.190792 0.981630 14.062783 -23.069272 8.784315 -0.547398 0.711637 -0.228865 0.376229 15.917177 -22.320123 8.784315 -0.547398 0.711637 -0.228865 0.376229 15.168027 -20.465729 8.784315 -0.547398 0.711637 -0.228865 0.376229 13.313634 -21.214879 8.784315 -0.547398 0.711637 -0.228865 0.376229
14.027700 -21.217200 6.918620 -0.000000 0.000000 0.195680 0.980668 15.000419 -22.279228 8.704195 -0.560674 0.703616 -0.255318 0.354091 16.847256 -21.511640 8.704195 -0.560674 0.703616 -0.255318 0.354091 16.079668 -19.664802 8.704195 -0.560674 0.703616 -0.255318 0.354091 14.232831 -20.432391 8.704195 -0.560674 0.703616 -0.255318 0.354091
15.031600 -20.217000 6.801770 -0.000000 0.000000 0.200843 0.979624 16.036527 -21.465775 8.587345 -0.573176 0.692079 -0.286616 0.332185 17.875175 -20.678774 8.587345 -0.573176 0.692079 -0.286616 0.332185 17.088173 -18.840125 8.587345 -0.573176 0.692079 -0.286616 0.332185 15.249525 -19.627127 8.587345 -0.573176 0.692079 -0.286616 0.332185
15.634300 -19.617600 6.718050 -0.000000 0.000000 0.203758 0.979021 16.646997 -20.998879 8.503625 -0.579606 0.683840 -0.306506 0.320116 18.480927 -20.200946 8.503625 -0.579606 0.683840 -0.306506 0.320116 17.682993 -18.367015 8.503625 -0.579606 0.683840 -0.306506 0.320116 15.849063 -19.164949 8.503625 -0.579606 0.683840 -0.306506 0.320116
15.835200 -19.418500 6.688270 -0.000000 0.000000 0.204582 0.978849 16.847566 -20.845128 8.473845 -0.581556 0.680822 -0.313430 0.316284 18.680150 -20.044108 8.473845 -0.581556 0.680822 -0.313430 0.316284 17.879130 -18.211523 8.473845 -0.581556 0.680822 -0.313430 0.316284 16.046545 -19.012544 8.473845 -0.581556 0.680822 -0.313430 0.316284
16.538800 -18.726700 6.579030 -0.000000 0.000000 0.205267 0.978706 17.534342 -20.306453 8.364605 -0.587497 0.668933 -0.339333 0.303693 19.365804 -19.502869 8.364605 -0.587497 0.668933 -0.339333 0.303693 18.562220 -17.671407 8.364605 -0.587497 0.668933 -0.339333 0.303693 16.730758 -18.474991 8.364605 -0.587497 0.668933 -0.339333 0.303693
16.840500 -18.434000 6.530660 -0.000000 0.000000 0.203875 0.978997 17.820552 -20.072679 8.316235 -0.589570 0.663196 -0.351210 0.298712 19.654292 -19.274307 8.316235 -0.589570 0.663196 -0.351210 0.298712 18.855920 -17.440567 8.316235 -0.589570 0.663196 -0.351210 0.298712 17.022180 -18.238939 8.316235 -0.589570 0.663196 -0.351210 0.298712
17.343500 -17.953400 6.449740 -0.000000 0.000000 0.200974 0.979596 18.293814 -19.677894 8.235315 -0.592402 0.652849 -0.371828 0.290847 20.132251 -18.890400 8.235315 -0.592402 0.652849 -0.371828 0.290847 19.344757 -17.051962 8.235315 -0.592402 0.652849 -0.371828 0.290847 17.506319 -17.839456 8.235315 -0.592402 0.652849 -0.371828 0.290847
18.148400 -17.208600 6.321660 -0.000000 0.000000 0.196086 0.980587 19.052983 -19.030736 8.107235 -0.595542 0.634862 -0.405583 0.278894 20.899185 -18.261619 8.107235 -0.595542 0.634862 -0.405583 0.278894 20.130068 -16.415418 8.107235 -0.595542 0.634862 -0.405583 0.278894 18.283866 -17.184535 8.107235 -0.595542 0.634862 -0.405583 0.278894
18.953800 -16.501100 6.199870 -0.000000 0.000000 0.190911 0.981607 19.826347 -18.366113 7.985445 -0.597134 0.615357 -0.439680 0.267298 21.680559 -17.616515 7.985445 -0.597134 0.615357 -0.439680 0.267298 20.930960 -15.762303 7.985445 -0.597134 0.615357 -0.439680 0.267298 19.076748 -16.511902 7.985445 -0.597134 0.615357 -0.439680 0.267298
19.760000 -15.838000 6.092230 -0.000000 0.000000 0.185492 0.982646 20.619163 -17.694431 7.877805 -0.596791 0.594109 -0.474521 0.256330 22.481534 -16.965339 7.877805 -0.596791 0.594109 -0.474521 0.256330 21.752443 -15.102968 7.877805 -0.596791 0.594109 -0.474521 0.256330 19.890072 -15.832060 7.877805 -0.596791 0.594109 -0.474521 0.256330
19.961700 -15.680000 6.068840 -0.000000 0.000000 0.184084 0.982911 20.819983 -17.527551 7.854415 -0.596363 0.588527 -0.483337 0.253718 22.684435 -16.803799 7.854415 -0.596363 0.588527 -0.483337 0.253718 21.960683 -14.939347 7.854415 -0.596363 0.588527 -0.483337 0.253718 20.096231 -15.663099 7.854415 -0.596363 0.588527 -0.483337 0.253718
20.466800 -15.300100 6.020770 -0.000000 0.000000 0.180468 0.983581 21.325816 -17.116237 7.806345 -0.594919 0.574317 -0.505106 0.247182 23.195541 -16.406217 7.806345 -0.594919 0.574317 -0.505106 0.247182 22.485522 -14.536492 7.806345 -0.594919 0.574317 -0.505106 0.247182 20.615797 -15.246511 7.806345 -0.594919 0.574317 -0.505106 0.247182
21.478600 -14.608900 5.983250 -0.000000 0.000000 0.173139 0.984897 22.342116 -16.346452 7.768825 -0.590833 0.545111 -0.546936 0.233733 24.222207 -15.664355 7.768825 -0.590833 0.545111 -0.546936 0.233733 23.540110 -13.784264 7.768825 -0.590833 0.545111 -0.546936 0.233733 21.660019 -14.466361 7.768825 -0.590833 0.545111 -0.546936 0.233733
21.883800 -14.357900 5.994520 -0.000000 0.000000 0.170215 0.985407 22.746577 -16.069298 7.780095 -0.588740 0.533221 -0.562982 0.228282 24.630684 -15.398374 7.780095 -0.588740 0.533221 -0.562982 0.228282 23.959760 -13.514266 7.780095 -0.588740 0.533221 -0.562982 0.228282 22.075653 -14.185191 7.780095 -0.588740 0.533221 -0.562982 0.228282
22.289200 -14.121100 6.022800 -0.000000 0.000000 0.167294 0.985907 23.148459 -15.814946 7.808375 -0.586384 0.521218 -0.578659 0.222799 25.036510 -15.155201 7.808375 -0.586384 0.521218 -0.578659 0.222799 24.376764 -13.267150 7.808375 -0.586384 0.521218 -0.578659 0.222799 22.488713 -13.926895 7.808375 -0.586384 0.521218 -0.578659 0.222799
23.100200 -13.689600 6.131890 -0.000000 0.000000 0.161463 0.986879 23.942664 -15.382281 7.917465 -0.581230 0.496568 -0.609089 0.211193 25.838383 -14.744903 7.917465 -0.581230 0.496568 -0.609089 0.211193 25.201005 -12.849184 7.917465 -0.581230 0.496568 -0.609089 0.211193 23.305287 -13.486562 7.917465 -0.581230 0.496568 -0.609089 0.211193
23.404500 -13.542600 6.191840 -0.000000 0.000000 0.159211 0.987245 24.236795 -15.247297 7.977415 -0.579070 0.487140 -0.620189 0.206731 26.135402 -14.618576 7.977415 -0.579070 0.487140 -0.620189 0.206731 25.506682 -12.719969 7.977415 -0.579070 0.487140 -0.620189 0.206731 23.608074 -13.348689 7.977415 -0.579070 0.487140 -0.620189 0.206731
24.114600 -13.234200 6.373960 -0.000000 0.000000 0.153804 0.988101 24.914512 -14.989539 8.159535 -0.572790 0.465202 -0.645485 0.197095 26.819889 -14.381643 8.159535 -0.572790 0.465202 -0.645485 0.197095 26.211993 -12.476265 8.159535 -0.572790 0.465202 -0.645485 0.197095 24.306616 -13.084161 8.159535 -0.572790 0.465202 -0.645485 0.197095
24.520300 -13.081500 6.504900 -0.000000 0.000000 0.150592 0.988596 25.296566 -14.875509 8.290475 -0.568381 0.452931 -0.659425 0.192240 27.205854 -14.280010 8.290475 -0.568381 0.452931 -0.659425 0.192240 26.610356 -12.370722 8.290475 -0.568381 0.452931 -0.659425 0.192240 24.701068 -12.966221 8.290475 -0.568381 0.452931 -0.659425 0.192240
24.925900 -12.947400 6.654760 -0.000000 0.000000 0.147295 0.989093 25.675696 -14.782746 8.440335 -0.563530 0.441209 -0.672644 0.187931 27.588913 -14.199993 8.440335 -0.563530 0.441209 -0.672644 0.187931 27.006160 -12.286776 8.440335 -0.563530 0.441209 -0.672644 0.187931 25.092943 -12.869530 8.440335 -0.563530 0.441209 -0.672644 0.187931
25.331500 -12.833500 6.823810 -0.000000 0.000000 0.143835 0.989602 26.053080 -14.709108 8.609385 -0.558355 0.430122 -0.685084 0.184106 27.970326 -14.139750 8.609385 -0.558355 0.430122 -0.685084 0.184106 27.400968 -12.222504 8.609385 -0.558355 0.430122 -0.685084 0.184106 25.483722 -12.791861 8.609385 -0.558355 0.430122 -0.685084 0.184106
26.143300 -12.675800 7.225370 -0.000000 0.000000 0.136392 0.990655 26.810413 -14.614937 9.010945 -0.547164 0.409932 -0.707751 0.177923 28.736002 -14.074467 9.010945 -0.547164 0.409932 -0.707751 0.177923 28.195532 -12.148878 9.010945 -0.547164 0.409932 -0.707751 0.177923 26.269943 -12.689348 9.010945 -0.547164 0.409932 -0.707751 0.177923
26.752600 -12.627200 7.587040 -0.000000 0.000000 0.130416 0.991459 27.388627 -14.588374 9.372615 -0.538365 0.396381 -0.722961 0.174277 29.320593 -14.071165 9.372615 -0.538365 0.396381 -0.722961 0.174277 28.803384 -12.139198 9.372615 -0.538365 0.396381 -0.722961 0.174277 26.871418 -12.656407 9.372615 -0.538365 0.396381 -0.722961 0.174277
27.666100 -12.673200 8.228910 -0.000000 0.000000 0.121452 0.992597 28.282302 -14.617384 10.014485 -0.524756 0.377749 -0.743727 0.169729 30.223299 -14.135172 10.014485 -0.524756 0.377749 -0.743727 0.169729 29.741088 -12.194175 10.014485 -0.524756 0.377749 -0.743727 0.169729 27.800090 -12.676387 10.014485 -0.524756 0.377749 -0.743727 0.169729
27.970800 -12.720400 8.469540 -0.000000 0.000000 0.118421 0.992963 28.587293 -14.645831 10.255115 -0.520108 0.371811 -0.750264 0.168366 30.531198 -14.175480 10.255115 -0.520108 0.371811 -0.750264 0.168366 30.060847 -12.231574 10.255115 -0.520108 0.371811 -0.750264 0.168366 28.116941 -12.701925 10.255115 -0.520108 0.371811 -0.750264 0.168366
28.783800 -12.923200 9.180150 -0.000000 0.000000 0.110482 0.993878 29.413000 -14.773062 10.965725 -0.507380 0.356504 -0.766946 0.165117 31.364175 -14.333839 10.965725 -0.507380 0.356504 -0.766946 0.165117 30.924953 -12.382664 10.965725 -0.507380 0.356504 -0.766946 0.165117 28.973778 -12.821887 10.965725 -0.507380 0.356504 -0.766946 0.165117
29.292100 -13.103700 9.674450 -0.000000 0.000000 0.105711 0.994397 29.933138 -14.894549 11.460025 -0.499146 0.347352 -0.776850 0.163414 31.888439 -14.474074 11.460025 -0.499146 0.347352 -0.776850 0.163414 31.467965 -12.518773 11.460025 -0.499146 0.347352 -0.776850 0.163414 29.512664 -12.939248 11.460025 -0.499146 0.347352 -0.776850 0.163414
30.106400 -13.471100 10.481700 -0.000000 0.000000 0.098325 0.995154 30.762572 -15.167476 12.267275 -0.485272 0.332979 -0.792260 0.161121 32.723901 -14.776082 12.267275 -0.485272 0.332979 -0.792260 0.161121 32.332507 -12.814753 12.267275 -0.485272 0.332979 -0.792260 0.161121 30.371178 -13.206147 12.267275 -0.485272 0.332979 -0.792260 0.161121
30.411800 -13.631900 10.784400 -0.000000 0.000000 0.095677 0.995412 31.070948 -15.297769 12.569975 -0.479895 0.327545 -0.797948 0.160294 33.034332 -14.916818 12.569975 -0.479895 0.327545 -0.797948 0.160294 32.653381 -12.953434 12.569975 -0.479895 0.327545 -0.797948 0.160294 30.689997 -13.334385 12.569975 -0.479895 0.327545 -0.797948 0.160294
31.328300 -14.180900 11.692500 -0.000000 0.000000 0.087998 0.996121 31.984749 -15.787008 13.478075 -0.464128 0.310407 -0.814567 0.157205 33.953775 -15.436383 13.478075 -0.464128 0.310407 -0.814567 0.157205 33.603151 -13.467358 13.478075 -0.464128 0.310407 -0.814567 0.157205 31.634125 -13.817982 13.478075 -0.464128 0.310407 -0.814567 0.157205
31.837700 -14.526900 12.197300 -0.000000 0.000000 0.083774 0.996485 32.484696 -16.124947 13.982875 -0.455731 0.299975 -0.823608 0.154901 34.456624 -15.791030 13.982875 -0.455731 0.299975 -0.823608 0.154901 34.122708 -13.819102 13.982875 -0.455731 0.299975 -0.823608 0.154901 32.150780 -14.153019 13.982875 -0.455731 0.299975 -0.823608 0.154901
32.348300 -14.903900 12.702800 -0.000000 0.000000 0.079304 0.996850 32.979441 -16.512436 14.488375 -0.447815 0.288391 -0.832606 0.151855 34.954284 -16.196218 14.488375 -0.447815 0.288391 -0.832606 0.151855 34.638066 -14.221375 14.488375 -0.447815 0.288391 -0.832606 0.151855 32.663222 -14.537593 14.488375 -0.447815 0.288391 -0.832606 0.151855
33.369800 -15.764200 13.714500 -0.000000 0.000000 0.069844 0.997558 33.952042 -17.435463 15.500075 -0.433195 0.261419 -0.850536 0.143492 35.932529 -17.156770 15.500075 -0.433195 0.261419 -0.850536 0.143492 35.653837 -15.176283 15.500075 -0.433195 0.261419 -0.850536 0.143492 33.673349 -15.454975 15.500075 -0.433195 0.261419 -0.850536 0.143492
33.471900 -15.858800 13.815700 -0.000000 0.000000 0.068845 0.997627 34.048293 -17.537762 15.601275 -0.431789 0.258468 -0.852316 0.142516 36.029334 -17.263033 15.601275 -0.431789 0.258468 -0.852316 0.142516 35.754606 -15.281992 15.601275 -0.431789 0.258468 -0.852316 0.142516 33.773565 -15.556720 15.601275 -0.431789 0.258468 -0.852316 0.142516
33.880100 -16.253200 14.220100 -0.000000 0.000000 0.064863 0.997894 34.432632 -17.962478 16.005675 -0.426129 0.246417 -0.859367 0.138496 36.415803 -17.703570 16.005675 -0.426129 0.246417 -0.859367 0.138496 36.156896 -15.720399 16.005675 -0.426129 0.246417 -0.859367 0.138496 34.173725 -15.979307 16.005675 -0.426129 0.246417 -0.859367 0.138496
34.084200 -16.454900 14.422400 -0.000000 0.000000 0.062813 0.998025 34.624761 -18.178052 16.207975 -0.423273 0.240213 -0.862863 0.136403 36.608979 -17.927294 16.207975 -0.423273 0.240213 -0.862863 0.136403 36.358221 -15.943076 16.207975 -0.423273 0.240213 -0.862863 0.136403 34.374003 -16.193834 16.207975 -0.423273 0.240213 -0.862863 0.136403
34.186400 -16.555800 14.523600 -0.000000 0.000000 0.061752 0.998091 34.721026 -18.285315 16.309175 -0.421840 0.237033 -0.864613 0.135319 36.705773 -18.038777 16.309175 -0.421840 0.237033 -0.864613 0.135319 36.459234 -16.054030 16.309175 -0.421840 0.237033 -0.864613 0.135319 34.474488 -16.300568 16.309175 -0.421840 0.237033 -0.864613 0.135319
34.696800 -17.060500 15.029500 -0.000000 0.000000 0.056399 0.998408 35.204323 -18.814250 16.815075 -0.414642 0.220306 -0.873363 0.129513 37.191600 -18.589012 16.815075 -0.414642 0.220306 -0.873363 0.129513 36.966362 -16.601736 16.815075 -0.414642 0.220306 -0.873363 0.129513 34.979085 -16.826974 16.815075 -0.414642 0.220306 -0.873363 0.129513
35.410800 -17.767100 15.737400 -0.000000 0.000000 0.048832 0.998807 35.892891 -19.525850 17.522975 -0.404219 0.194962 -0.885476 0.120538 37.883353 -19.330756 17.522975 -0.404219 0.194962 -0.885476 0.120538 37.688259 -17.340294 17.522975 -0.404219 0.194962 -0.885476 0.120538 35.697797 -17.535388 17.522975 -0.404219 0.194962 -0.885476 0.120538
36.430200 -18.776000 16.748100 -0.000000 0.000000 0.038311 0.999266 36.911473 -20.467964 18.533675 -0.388160 0.155619 -0.902106 0.106393 38.905602 -20.314832 18.533675 -0.388160 0.155619 -0.902106 0.106393 38.752469 -18.320703 18.533675 -0.388160 0.155619 -0.902106 0.106393 36.758340 -18.473835 18.533675 -0.388160 0.155619 -0.902106 0.106393
37.246600 -19.582500 17.557100 -0.000000 0.000000 0.030305 0.999541 37.752939 -21.153484 19.342675 -0.373537 0.122308 -0.914655 0.094434 39.749266 -21.032321 19.342675 -0.373537 0.122308 -0.914655 0.094434 39.628103 -19.035995 19.342675 -0.373537 0.122308 -0.914655 0.094434 37.631777 -19.157158 19.342675 -0.373537 0.122308 -0.914655 0.094434
37.654700 -19.985100 17.961300 -0.000000 0.000000 0.026682 0.999644 38.177530 -21.475310 19.746875 -0.365126 0.105314 -0.920745 0.088432 40.174682 -21.368619 19.746875 -0.365126 0.105314 -0.920745 0.088432 40.067991 -19.371467 19.746875 -0.365126 0.105314 -0.920745 0.088432 38.070839 -19.478158 19.746875 -0.365126 0.105314 -0.920745 0.088432
37.960400 -20.286700 18.264200 -0.000000 0.000000 0.024209 0.999707 38.495336 -21.709436 20.049775 -0.358131 0.092413 -0.925287 0.083940 40.492992 -21.612628 20.049775 -0.358131 0.092413 -0.925287 0.083940 40.396184 -19.614972 20.049775 -0.358131 0.092413 -0.925287 0.083940 38.398528 -19.711780 20.049775 -0.358131 0.092413 -0.925287 0.083940
38.062300 -20.387100 18.365200 -0.000000 0.000000 0.023426 0.999726 38.601005 -21.786262 20.150775 -0.355664 0.088067 -0.926796 0.082438 40.598810 -21.692584 20.150775 -0.355664 0.088067 -0.926796 0.082438 40.505132 -19.694779 20.150775 -0.355664 0.088067 -0.926796 0.082438 38.507327 -19.788457 20.150775 -0.355664 0.088067 -0.926796 0.082438
38.775400 -21.089400 19.071500 -0.000000 0.000000 0.018466 0.999829 39.333612 -22.312895 20.857075 -0.336432 0.056956 -0.937236 0.071815 41.332248 -22.239042 20.857075 -0.336432 0.056956 -0.937236 0.071815 41.258395 -20.240406 20.857075 -0.336432 0.056956 -0.937236 0.071815 39.259759 -20.314259 20.857075 -0.336432 0.056956 -0.937236 0.071815
39.488100 -21.790100 19.777500 -0.000000 0.000000 0.014443 0.999896 40.049453 -22.829269 21.563075 -0.314240 0.024864 -0.947056 0.060990 42.048619 -22.771501 21.563075 -0.314240 0.024864 -0.947056 0.060990 41.990851 -20.772335 21.563075 -0.314240 0.024864 -0.947056 0.060990 39.991685 -20.830103 21.563075 -0.314240 0.024864 -0.947056 0.060990
40.404100 -22.681800 20.685000 -0.000000 0.000000 0.013694 0.999906 40.948997 -23.495280 22.470575 -0.282026 -0.017419 -0.958107 0.046782 42.948247 -23.440510 22.470575 -0.282026 -0.017419 -0.958107 0.046782 42.893476 -21.441260 22.470575 -0.282026 -0.017419 -0.958107 0.046782 40.894226 -21.496030 22.470575 -0.282026 -0.017419 -0.958107 0.046782
41.422000 -23.617000 21.693900 -0.000000 0.000000 0.021080 0.999778 41.930415 -24.211076 23.479475 -0.242392 -0.065221 -0.967497 0.030689 43.928637 -24.126773 23.479475 -0.242392 -0.065221 -0.967497 0.030689 43.844334 -22.128551 23.479475 -0.242392 -0.065221 -0.967497 0.030689 41.846112 -22.212854 23.479475 -0.242392 -0.065221 -0.967497 0.030689
41.931000 -24.045000 22.198700 -0.000000 0.000000 0.025470 0.999676 42.409628 -24.535467 23.984275 -0.221444 -0.089111 -0.970830 0.022596 44.407033 -24.433621 23.984275 -0.221444 -0.089111 -0.970830 0.022596 44.305188 -22.436216 23.984275 -0.221444 -0.089111 -0.970830 0.022596 42.307782 -22.538062 23.984275 -0.221444 -0.089111 -0.970830 0.022596
42.236300 -24.284700 22.501600 -0.000000 0.000000 0.028307 0.999599 42.692856 -24.713686 24.287175 -0.208564 -0.103378 -0.972368 0.017733 44.689651 -24.600505 24.287175 -0.208564 -0.103378 -0.972368 0.017733 44.576470 -22.603710 24.287175 -0.208564 -0.103378 -0.972368 0.017733 42.579675 -22.716891 24.287175 -0.208564 -0.103378 -0.972368 0.017733
43.252700 -24.971000 23.511100 -0.000000 0.000000 0.038770 0.999248 43.604764 -25.190845 25.296675 -0.164048 -0.150975 -0.974830 0.001281 45.598751 -25.035882 25.296675 -0.164048 -0.150975 -0.974830 0.001281 45.443788 -23.041894 25.296675 -0.164048 -0.150975 -0.974830 0.001281 43.449800 -23.196858 25.296675 -0.164048 -0.150975 -0.974830 0.001281
44.165700 -25.405800 24.419900 -0.000000 0.000000 0.049694 0.998765 44.362270 -25.425866 26.205475 -0.122355 -0.192425 -0.973558 -0.013658 46.352392 -25.227337 26.205475 -0.122355 -0.192425 -0.973558 -0.013658 46.153863 -23.237215 26.205475 -0.122355 -0.192425 -0.973558 -0.013658 44.163741 -23.435744 26.205475 -0.122355 -0.192425 -0.973558 -0.013658
44.874400 -25.593800 25.127000 -0.000000 0.000000 0.059343 0.998238 44.890244 -25.458389 26.912575 -0.089187 -0.222634 -0.970486 -0.025234 46.876158 -25.221436 26.912575 -0.089187 -0.222634 -0.970486 -0.025234 46.639204 -23.235522 26.912575 -0.089187 -0.222634 -0.970486 -0.025234 44.653291 -23.472476 26.912575 -0.089187 -0.222634 -0.970486 -0.025234
45.581400 -25.622900 25.834800 -0.000000 0.000000 0.070159 0.997536 45.353782 -25.353131 27.620375 -0.055786 -0.250798 -0.965735 -0.036657 47.334093 -25.073186 27.620375 -0.055786 -0.250798 -0.965735 -0.036657 47.054148 -23.092876 27.620375 -0.055786 -0.250798 -0.965735 -0.036657 45.073837 -23.372820 27.620375 -0.055786 -0.250798 -0.965735 -0.036657
46.486400 -25.384600 26.745600 -0.000000 0.000000 0.085603 0.996329 45.865848 -25.020792 28.531175 -0.014025 -0.284174 -0.957326 -0.050756 47.836536 -24.679637 28.531175 -0.014025 -0.284174 -0.957326 -0.050756 47.495381 -22.708948 28.531175 -0.014025 -0.284174 -0.957326 -0.050756 45.524692 -23.050104 28.531175 -0.014025 -0.284174 -0.957326 -0.050756
46.686800 -25.285900 26.948000 -0.000000 0.000000 0.089117 0.996021 45.972196 -24.918216 28.733575 -0.005028 -0.291256 -0.955119 -0.053777 47.940429 -24.563165 28.733575 -0.005028 -0.291256 -0.955119 -0.053777 47.585378 -22.594933 28.733575 -0.005028 -0.291256 -0.955119 -0.053777 45.617145 -22.949984 28.733575 -0.005028 -0.291256 -0.955119 -0.053777
