-20.000000 -20.000000 20.000000
-17.894737 -9.523072 20.526316
-15.789474 -6.631740 21.052632
-13.684211 -12.038265 21.578947
-11.578947 -18.936186 22.105263
-9.473684 -19.167687 22.631579
-7.368421 -10.615416 23.157895
-5.263158 0.878969 23.684211
-3.157895 6.807950 24.210526
-1.052632 3.706842 24.736842
1.052632 -3.706842 25.263158
3.157895 -6.807950 25.789474
5.263158 -0.878969 26.315789
7.368421 10.615416 26.842105
9.473684 19.167687 27.368421
11.578947 18.936186 27.894737
13.684211 12.038265 28.421053
15.789474 6.631740 28.947368
17.894737 9.523072 29.473684
20.000000 20.000000 30.000000
